   0.1963495        1396.236    
   0.3926991        585.6110    
   0.5890486        287.6915    
   0.7853982        208.7667    
   0.9817477        147.5498    
    1.178097        104.2118    
    1.374447        99.57693    
    1.570796        98.47870    
    1.767146        89.24864    
    1.963495        68.76781    
    2.159845        58.28556    
    2.356194        47.16499    
    2.552544        38.47687    
    2.748894        33.54229    
    2.945243        29.15530    
    3.141593        26.51203    
