# File created by ExPDE 
# UCD file format for AVS parallel 
# scalar value 
3105 7824 1 0 0
0 0.500761 0.300946 0.101132
1 0.367551 0.300946 0.101132
2 0.633971 0.300946 0.101132
3 0.300946 0.300946 0.101132
4 0.434156 0.300946 0.101132
5 0.567366 0.300946 0.101132
6 0.700575 0.300946 0.101132
7 0.500761 0.434156 0.101132
8 0.234342 0.434156 0.101132
9 0.76718 0.434156 0.101132
10 0.367551 0.434156 0.101132
11 0.633971 0.434156 0.101132
12 0.300946 0.434156 0.101132
13 0.434156 0.434156 0.101132
14 0.567366 0.434156 0.101132
15 0.700575 0.434156 0.101132
16 0.500761 0.034527 0.367551
17 0.500761 0.567366 0.101132
18 0.234342 0.567366 0.101132
19 0.76718 0.567366 0.101132
20 0.367551 0.567366 0.101132
21 0.633971 0.567366 0.101132
22 0.434156 0.034527 0.367551
23 0.567366 0.034527 0.367551
24 0.300946 0.567366 0.101132
25 0.434156 0.567366 0.101132
26 0.567366 0.567366 0.101132
27 0.700575 0.567366 0.101132
28 0.500761 0.167737 0.367551
29 0.234342 0.167737 0.367551
30 0.76718 0.167737 0.367551
31 0.367551 0.167737 0.367551
32 0.633971 0.167737 0.367551
33 0.500761 0.700575 0.101132
34 0.167737 0.167737 0.367551
35 0.367551 0.700575 0.101132
36 0.300946 0.167737 0.367551
37 0.633971 0.700575 0.101132
38 0.434156 0.167737 0.367551
39 0.567366 0.167737 0.367551
40 0.700575 0.167737 0.367551
41 0.833785 0.167737 0.367551
42 0.300946 0.700575 0.101132
43 0.434156 0.700575 0.101132
44 0.567366 0.700575 0.101132
45 0.700575 0.700575 0.101132
46 0.500761 0.300946 0.367551
47 0.234342 0.300946 0.367551
48 0.76718 0.300946 0.367551
49 0.101132 0.300946 0.367551
50 0.367551 0.300946 0.367551
51 0.633971 0.300946 0.367551
52 0.90039 0.300946 0.367551
53 0.167737 0.300946 0.367551
54 0.300946 0.300946 0.367551
55 0.434156 0.300946 0.367551
56 0.567366 0.300946 0.367551
57 0.700575 0.300946 0.367551
58 0.833785 0.300946 0.367551
59 0.500761 0.434156 0.367551
60 0.234342 0.434156 0.367551
61 0.76718 0.434156 0.367551
62 0.101132 0.434156 0.367551
63 0.367551 0.434156 0.367551
64 0.633971 0.434156 0.367551
65 0.90039 0.434156 0.367551
66 0.034527 0.434156 0.367551
67 0.167737 0.434156 0.367551
68 0.300946 0.434156 0.367551
69 0.434156 0.434156 0.367551
70 0.567366 0.434156 0.367551
71 0.700575 0.434156 0.367551
72 0.833785 0.434156 0.367551
73 0.966995 0.434156 0.367551
74 0.500761 0.034527 0.633971
75 0.500761 0.567366 0.367551
76 0.234342 0.567366 0.367551
77 0.76718 0.567366 0.367551
78 0.101132 0.567366 0.367551
79 0.367551 0.567366 0.367551
80 0.633971 0.567366 0.367551
81 0.434156 0.034527 0.633971
82 0.90039 0.567366 0.367551
83 0.567366 0.034527 0.633971
84 0.034527 0.567366 0.367551
85 0.167737 0.567366 0.367551
86 0.300946 0.567366 0.367551
87 0.434156 0.567366 0.367551
88 0.567366 0.567366 0.367551
89 0.700575 0.567366 0.367551
90 0.833785 0.567366 0.367551
91 0.966995 0.567366 0.367551
92 0.500761 0.167737 0.633971
93 0.234342 0.167737 0.633971
94 0.76718 0.167737 0.633971
95 0.367551 0.167737 0.633971
96 0.633971 0.167737 0.633971
97 0.500761 0.700575 0.367551
98 0.234342 0.700575 0.367551
99 0.76718 0.700575 0.367551
100 0.101132 0.700575 0.367551
101 0.167737 0.167737 0.633971
102 0.367551 0.700575 0.367551
103 0.300946 0.167737 0.633971
104 0.633971 0.700575 0.367551
105 0.434156 0.167737 0.633971
106 0.90039 0.700575 0.367551
107 0.567366 0.167737 0.633971
108 0.700575 0.167737 0.633971
109 0.833785 0.167737 0.633971
110 0.167737 0.700575 0.367551
111 0.300946 0.700575 0.367551
112 0.434156 0.700575 0.367551
113 0.567366 0.700575 0.367551
114 0.700575 0.700575 0.367551
115 0.833785 0.700575 0.367551
116 0.500761 0.300946 0.633971
117 0.234342 0.300946 0.633971
118 0.76718 0.300946 0.633971
119 0.101132 0.300946 0.633971
120 0.367551 0.300946 0.633971
121 0.633971 0.300946 0.633971
122 0.90039 0.300946 0.633971
123 0.500761 0.833785 0.367551
124 0.234342 0.833785 0.367551
125 0.76718 0.833785 0.367551
126 0.167737 0.300946 0.633971
127 0.367551 0.833785 0.367551
128 0.300946 0.300946 0.633971
129 0.633971 0.833785 0.367551
130 0.434156 0.300946 0.633971
131 0.567366 0.300946 0.633971
132 0.700575 0.300946 0.633971
133 0.833785 0.300946 0.633971
134 0.167737 0.833785 0.367551
135 0.300946 0.833785 0.367551
136 0.434156 0.833785 0.367551
137 0.567366 0.833785 0.367551
138 0.700575 0.833785 0.367551
139 0.833785 0.833785 0.367551
140 0.500761 0.434156 0.633971
141 0.234342 0.434156 0.633971
142 0.76718 0.434156 0.633971
143 0.101132 0.434156 0.633971
144 0.367551 0.434156 0.633971
145 0.633971 0.434156 0.633971
146 0.90039 0.434156 0.633971
147 0.500761 0.966995 0.367551
148 0.034527 0.434156 0.633971
149 0.167737 0.434156 0.633971
150 0.300946 0.434156 0.633971
151 0.434156 0.434156 0.633971
152 0.567366 0.434156 0.633971
153 0.700575 0.434156 0.633971
154 0.833785 0.434156 0.633971
155 0.966995 0.434156 0.633971
156 0.434156 0.966995 0.367551
157 0.567366 0.966995 0.367551
158 0.500761 0.567366 0.633971
159 0.234342 0.567366 0.633971
160 0.76718 0.567366 0.633971
161 0.101132 0.567366 0.633971
162 0.367551 0.567366 0.633971
163 0.633971 0.567366 0.633971
164 0.90039 0.567366 0.633971
165 0.034527 0.567366 0.633971
166 0.167737 0.567366 0.633971
167 0.300946 0.567366 0.633971
168 0.434156 0.567366 0.633971
169 0.567366 0.567366 0.633971
170 0.700575 0.567366 0.633971
171 0.833785 0.567366 0.633971
172 0.966995 0.567366 0.633971
173 0.500761 0.700575 0.633971
174 0.234342 0.700575 0.633971
175 0.76718 0.700575 0.633971
176 0.101132 0.700575 0.633971
177 0.367551 0.700575 0.633971
178 0.633971 0.700575 0.633971
179 0.90039 0.700575 0.633971
180 0.167737 0.700575 0.633971
181 0.300946 0.700575 0.633971
182 0.434156 0.700575 0.633971
183 0.567366 0.700575 0.633971
184 0.700575 0.700575 0.633971
185 0.833785 0.700575 0.633971
186 0.500761 0.300946 0.90039
187 0.367551 0.300946 0.90039
188 0.633971 0.300946 0.90039
189 0.500761 0.833785 0.633971
190 0.234342 0.833785 0.633971
191 0.76718 0.833785 0.633971
192 0.367551 0.833785 0.633971
193 0.300946 0.300946 0.90039
194 0.633971 0.833785 0.633971
195 0.434156 0.300946 0.90039
196 0.567366 0.300946 0.90039
197 0.700575 0.300946 0.90039
198 0.167737 0.833785 0.633971
199 0.300946 0.833785 0.633971
200 0.434156 0.833785 0.633971
201 0.567366 0.833785 0.633971
202 0.700575 0.833785 0.633971
203 0.833785 0.833785 0.633971
204 0.500761 0.434156 0.90039
205 0.234342 0.434156 0.90039
206 0.76718 0.434156 0.90039
207 0.367551 0.434156 0.90039
208 0.633971 0.434156 0.90039
209 0.500761 0.966995 0.633971
210 0.300946 0.434156 0.90039
211 0.434156 0.434156 0.90039
212 0.567366 0.434156 0.90039
213 0.700575 0.434156 0.90039
214 0.434156 0.966995 0.633971
215 0.567366 0.966995 0.633971
216 0.500761 0.567366 0.90039
217 0.234342 0.567366 0.90039
218 0.76718 0.567366 0.90039
219 0.367551 0.567366 0.90039
220 0.633971 0.567366 0.90039
221 0.300946 0.567366 0.90039
222 0.434156 0.567366 0.90039
223 0.567366 0.567366 0.90039
224 0.700575 0.567366 0.90039
225 0.500761 0.700575 0.90039
226 0.367551 0.700575 0.90039
227 0.633971 0.700575 0.90039
228 0.300946 0.700575 0.90039
229 0.434156 0.700575 0.90039
230 0.567366 0.700575 0.90039
231 0.700575 0.700575 0.90039
232 0.500761 0.500761 0.500761
233 0.234342 0.500761 0.500761
234 0.76718 0.500761 0.500761
235 0.101132 0.500761 0.500761
236 0.367551 0.500761 0.500761
237 0.633971 0.500761 0.500761
238 0.90039 0.500761 0.500761
239 0.034527 0.500761 0.500761
240 0.167737 0.500761 0.500761
241 0.300946 0.500761 0.500761
242 0.434156 0.500761 0.500761
243 0.567366 0.500761 0.500761
244 0.700575 0.500761 0.500761
245 0.833785 0.500761 0.500761
246 0.966995 0.500761 0.500761
247 0.500761 0.234342 0.500761
248 0.234342 0.234342 0.500761
249 0.76718 0.234342 0.500761
250 0.101132 0.234342 0.500761
251 0.367551 0.234342 0.500761
252 0.633971 0.234342 0.500761
253 0.90039 0.234342 0.500761
254 0.167737 0.234342 0.500761
255 0.300946 0.234342 0.500761
256 0.434156 0.234342 0.500761
257 0.567366 0.234342 0.500761
258 0.700575 0.234342 0.500761
259 0.833785 0.234342 0.500761
260 0.500761 0.76718 0.500761
261 0.234342 0.76718 0.500761
262 0.76718 0.76718 0.500761
263 0.101132 0.76718 0.500761
264 0.367551 0.76718 0.500761
265 0.633971 0.76718 0.500761
266 0.90039 0.76718 0.500761
267 0.167737 0.76718 0.500761
268 0.300946 0.76718 0.500761
269 0.434156 0.76718 0.500761
270 0.567366 0.76718 0.500761
271 0.700575 0.76718 0.500761
272 0.833785 0.76718 0.500761
273 0.500761 0.101132 0.500761
274 0.234342 0.101132 0.500761
275 0.76718 0.101132 0.500761
276 0.367551 0.101132 0.500761
277 0.633971 0.101132 0.500761
278 0.300946 0.101132 0.500761
279 0.434156 0.101132 0.500761
280 0.567366 0.101132 0.500761
281 0.700575 0.101132 0.500761
282 0.500761 0.500761 0.034527
283 0.367551 0.500761 0.034527
284 0.633971 0.500761 0.034527
285 0.434156 0.500761 0.034527
286 0.567366 0.500761 0.034527
287 0.500761 0.367551 0.500761
288 0.234342 0.367551 0.500761
289 0.76718 0.367551 0.500761
290 0.101132 0.367551 0.500761
291 0.367551 0.367551 0.500761
292 0.633971 0.367551 0.500761
293 0.90039 0.367551 0.500761
294 0.034527 0.367551 0.500761
295 0.167737 0.367551 0.500761
296 0.300946 0.367551 0.500761
297 0.434156 0.367551 0.500761
298 0.567366 0.367551 0.500761
299 0.700575 0.367551 0.500761
300 0.833785 0.367551 0.500761
301 0.966995 0.367551 0.500761
302 0.500761 0.633971 0.500761
303 0.234342 0.633971 0.500761
304 0.76718 0.633971 0.500761
305 0.101132 0.633971 0.500761
306 0.367551 0.633971 0.500761
307 0.633971 0.633971 0.500761
308 0.90039 0.633971 0.500761
309 0.034527 0.633971 0.500761
310 0.167737 0.633971 0.500761
311 0.300946 0.633971 0.500761
312 0.434156 0.633971 0.500761
313 0.567366 0.633971 0.500761
314 0.700575 0.633971 0.500761
315 0.833785 0.633971 0.500761
316 0.966995 0.633971 0.500761
317 0.500761 0.90039 0.500761
318 0.234342 0.90039 0.500761
319 0.76718 0.90039 0.500761
320 0.367551 0.90039 0.500761
321 0.633971 0.90039 0.500761
322 0.300946 0.90039 0.500761
323 0.434156 0.90039 0.500761
324 0.567366 0.90039 0.500761
325 0.700575 0.90039 0.500761
326 0.500761 0.500761 0.234342
327 0.234342 0.500761 0.234342
328 0.76718 0.500761 0.234342
329 0.101132 0.500761 0.234342
330 0.367551 0.500761 0.234342
331 0.633971 0.500761 0.234342
332 0.90039 0.500761 0.234342
333 0.167737 0.500761 0.234342
334 0.300946 0.500761 0.234342
335 0.434156 0.500761 0.234342
336 0.567366 0.500761 0.234342
337 0.700575 0.500761 0.234342
338 0.833785 0.500761 0.234342
339 0.500761 0.500761 0.167737
340 0.234342 0.500761 0.167737
341 0.76718 0.500761 0.167737
342 0.367551 0.500761 0.167737
343 0.633971 0.500761 0.167737
344 0.167737 0.500761 0.167737
345 0.300946 0.500761 0.167737
346 0.434156 0.500761 0.167737
347 0.567366 0.500761 0.167737
348 0.700575 0.500761 0.167737
349 0.833785 0.500761 0.167737
350 0.500761 0.500761 0.76718
351 0.234342 0.500761 0.76718
352 0.76718 0.500761 0.76718
353 0.101132 0.500761 0.76718
354 0.367551 0.500761 0.76718
355 0.633971 0.500761 0.76718
356 0.90039 0.500761 0.76718
357 0.500761 0.234342 0.234342
358 0.234342 0.234342 0.234342
359 0.76718 0.234342 0.234342
360 0.367551 0.234342 0.234342
361 0.167737 0.500761 0.76718
362 0.633971 0.234342 0.234342
363 0.300946 0.500761 0.76718
364 0.434156 0.500761 0.76718
365 0.567366 0.500761 0.76718
366 0.700575 0.500761 0.76718
367 0.833785 0.500761 0.76718
368 0.300946 0.234342 0.234342
369 0.434156 0.234342 0.234342
370 0.567366 0.234342 0.234342
371 0.700575 0.234342 0.234342
372 0.500761 0.500761 0.300946
373 0.234342 0.500761 0.300946
374 0.76718 0.500761 0.300946
375 0.101132 0.500761 0.300946
376 0.367551 0.500761 0.300946
377 0.633971 0.500761 0.300946
378 0.90039 0.500761 0.300946
379 0.500761 0.234342 0.167737
380 0.367551 0.234342 0.167737
381 0.167737 0.500761 0.300946
382 0.633971 0.234342 0.167737
383 0.300946 0.500761 0.300946
384 0.434156 0.500761 0.300946
385 0.567366 0.500761 0.300946
386 0.700575 0.500761 0.300946
387 0.833785 0.500761 0.300946
388 0.500761 0.76718 0.234342
389 0.234342 0.76718 0.234342
390 0.76718 0.76718 0.234342
391 0.300946 0.234342 0.167737
392 0.434156 0.234342 0.167737
393 0.567366 0.234342 0.167737
394 0.700575 0.234342 0.167737
395 0.367551 0.76718 0.234342
396 0.633971 0.76718 0.234342
397 0.300946 0.76718 0.234342
398 0.434156 0.76718 0.234342
399 0.567366 0.76718 0.234342
400 0.700575 0.76718 0.234342
401 0.500761 0.76718 0.167737
402 0.367551 0.76718 0.167737
403 0.633971 0.76718 0.167737
404 0.300946 0.76718 0.167737
405 0.434156 0.76718 0.167737
406 0.567366 0.76718 0.167737
407 0.700575 0.76718 0.167737
408 0.500761 0.234342 0.76718
409 0.234342 0.234342 0.76718
410 0.76718 0.234342 0.76718
411 0.367551 0.234342 0.76718
412 0.633971 0.234342 0.76718
413 0.300946 0.234342 0.76718
414 0.434156 0.234342 0.76718
415 0.567366 0.234342 0.76718
416 0.700575 0.234342 0.76718
417 0.500761 0.500761 0.434156
418 0.234342 0.500761 0.434156
419 0.76718 0.500761 0.434156
420 0.101132 0.500761 0.434156
421 0.367551 0.500761 0.434156
422 0.633971 0.500761 0.434156
423 0.90039 0.500761 0.434156
424 0.500761 0.234342 0.300946
425 0.234342 0.234342 0.300946
426 0.76718 0.234342 0.300946
427 0.034527 0.500761 0.434156
428 0.367551 0.234342 0.300946
429 0.167737 0.500761 0.434156
430 0.633971 0.234342 0.300946
431 0.300946 0.500761 0.434156
432 0.434156 0.500761 0.434156
433 0.567366 0.500761 0.434156
434 0.700575 0.500761 0.434156
435 0.833785 0.500761 0.434156
436 0.966995 0.500761 0.434156
437 0.500761 0.76718 0.76718
438 0.234342 0.76718 0.76718
439 0.76718 0.76718 0.76718
440 0.167737 0.234342 0.300946
441 0.300946 0.234342 0.300946
442 0.434156 0.234342 0.300946
443 0.567366 0.234342 0.300946
444 0.700575 0.234342 0.300946
445 0.367551 0.76718 0.76718
446 0.833785 0.234342 0.300946
447 0.633971 0.76718 0.76718
448 0.300946 0.76718 0.76718
449 0.434156 0.76718 0.76718
450 0.567366 0.76718 0.76718
451 0.700575 0.76718 0.76718
452 0.500761 0.76718 0.300946
453 0.234342 0.76718 0.300946
454 0.76718 0.76718 0.300946
455 0.367551 0.76718 0.300946
456 0.633971 0.76718 0.300946
457 0.167737 0.76718 0.300946
458 0.300946 0.76718 0.300946
459 0.434156 0.76718 0.300946
460 0.500761 0.367551 0.034527
461 0.567366 0.76718 0.300946
462 0.700575 0.76718 0.300946
463 0.833785 0.76718 0.300946
464 0.434156 0.367551 0.034527
465 0.567366 0.367551 0.034527
466 0.500761 0.633971 0.034527
467 0.434156 0.633971 0.034527
468 0.567366 0.633971 0.034527
469 0.500761 0.101132 0.234342
470 0.367551 0.101132 0.234342
471 0.633971 0.101132 0.234342
472 0.434156 0.101132 0.234342
473 0.567366 0.101132 0.234342
474 0.500761 0.500761 0.567366
475 0.234342 0.500761 0.567366
476 0.76718 0.500761 0.567366
477 0.101132 0.500761 0.567366
478 0.367551 0.500761 0.567366
479 0.633971 0.500761 0.567366
480 0.90039 0.500761 0.567366
481 0.500761 0.234342 0.434156
482 0.234342 0.234342 0.434156
483 0.76718 0.234342 0.434156
484 0.101132 0.234342 0.434156
485 0.034527 0.500761 0.567366
486 0.367551 0.234342 0.434156
487 0.167737 0.500761 0.567366
488 0.633971 0.234342 0.434156
489 0.300946 0.500761 0.567366
490 0.90039 0.234342 0.434156
491 0.500761 0.034527 0.500761
492 0.434156 0.500761 0.567366
493 0.567366 0.500761 0.567366
494 0.700575 0.500761 0.567366
495 0.833785 0.500761 0.567366
496 0.966995 0.500761 0.567366
497 0.367551 0.034527 0.500761
498 0.167737 0.234342 0.434156
499 0.633971 0.034527 0.500761
500 0.300946 0.234342 0.434156
501 0.434156 0.234342 0.434156
502 0.567366 0.234342 0.434156
503 0.700575 0.234342 0.434156
504 0.833785 0.234342 0.434156
505 0.434156 0.034527 0.500761
506 0.567366 0.034527 0.500761
507 0.500761 0.367551 0.234342
508 0.234342 0.367551 0.234342
509 0.76718 0.367551 0.234342
510 0.101132 0.367551 0.234342
511 0.367551 0.367551 0.234342
512 0.633971 0.367551 0.234342
513 0.90039 0.367551 0.234342
514 0.167737 0.367551 0.234342
515 0.300946 0.367551 0.234342
516 0.434156 0.367551 0.234342
517 0.567366 0.367551 0.234342
518 0.700575 0.367551 0.234342
519 0.833785 0.367551 0.234342
520 0.500761 0.76718 0.434156
521 0.234342 0.76718 0.434156
522 0.76718 0.76718 0.434156
523 0.101132 0.76718 0.434156
524 0.367551 0.76718 0.434156
525 0.633971 0.76718 0.434156
526 0.90039 0.76718 0.434156
527 0.500761 0.167737 0.500761
528 0.234342 0.167737 0.500761
529 0.76718 0.167737 0.500761
530 0.367551 0.167737 0.500761
531 0.167737 0.76718 0.434156
532 0.633971 0.167737 0.500761
533 0.300946 0.76718 0.434156
534 0.434156 0.76718 0.434156
535 0.500761 0.367551 0.167737
536 0.567366 0.76718 0.434156
537 0.700575 0.76718 0.434156
538 0.833785 0.76718 0.434156
539 0.234342 0.367551 0.167737
540 0.76718 0.367551 0.167737
541 0.167737 0.167737 0.500761
542 0.367551 0.367551 0.167737
543 0.300946 0.167737 0.500761
544 0.633971 0.367551 0.167737
545 0.434156 0.167737 0.500761
546 0.567366 0.167737 0.500761
547 0.700575 0.167737 0.500761
548 0.833785 0.167737 0.500761
549 0.500761 0.633971 0.234342
550 0.234342 0.633971 0.234342
551 0.76718 0.633971 0.234342
552 0.167737 0.367551 0.167737
553 0.300946 0.367551 0.167737
554 0.434156 0.367551 0.167737
555 0.567366 0.367551 0.167737
556 0.101132 0.633971 0.234342
557 0.700575 0.367551 0.167737
558 0.367551 0.633971 0.234342
559 0.833785 0.367551 0.167737
560 0.633971 0.633971 0.234342
561 0.90039 0.633971 0.234342
562 0.167737 0.633971 0.234342
563 0.300946 0.633971 0.234342
564 0.434156 0.633971 0.234342
565 0.567366 0.633971 0.234342
566 0.700575 0.633971 0.234342
567 0.833785 0.633971 0.234342
568 0.500761 0.300946 0.500761
569 0.234342 0.300946 0.500761
570 0.76718 0.300946 0.500761
571 0.101132 0.300946 0.500761
572 0.367551 0.300946 0.500761
573 0.633971 0.300946 0.500761
574 0.90039 0.300946 0.500761
575 0.500761 0.633971 0.167737
576 0.234342 0.633971 0.167737
577 0.76718 0.633971 0.167737
578 0.167737 0.300946 0.500761
579 0.367551 0.633971 0.167737
580 0.300946 0.300946 0.500761
581 0.633971 0.633971 0.167737
582 0.434156 0.300946 0.500761
583 0.567366 0.300946 0.500761
584 0.700575 0.300946 0.500761
585 0.833785 0.300946 0.500761
586 0.500761 0.90039 0.234342
587 0.167737 0.633971 0.167737
588 0.300946 0.633971 0.167737
589 0.434156 0.633971 0.167737
590 0.567366 0.633971 0.167737
591 0.700575 0.633971 0.167737
592 0.367551 0.90039 0.234342
593 0.833785 0.633971 0.167737
594 0.633971 0.90039 0.234342
595 0.434156 0.90039 0.234342
596 0.567366 0.90039 0.234342
597 0.500761 0.434156 0.500761
598 0.234342 0.434156 0.500761
599 0.76718 0.434156 0.500761
600 0.101132 0.434156 0.500761
601 0.367551 0.434156 0.500761
602 0.633971 0.434156 0.500761
603 0.90039 0.434156 0.500761
604 0.500761 0.101132 0.76718
605 0.034527 0.434156 0.500761
606 0.167737 0.434156 0.500761
607 0.300946 0.434156 0.500761
608 0.434156 0.434156 0.500761
609 0.567366 0.434156 0.500761
610 0.700575 0.434156 0.500761
611 0.367551 0.101132 0.76718
612 0.833785 0.434156 0.500761
613 0.633971 0.101132 0.76718
614 0.966995 0.434156 0.500761
615 0.434156 0.101132 0.76718
616 0.567366 0.101132 0.76718
617 0.500761 0.500761 0.700575
618 0.234342 0.500761 0.700575
619 0.76718 0.500761 0.700575
620 0.101132 0.500761 0.700575
621 0.367551 0.500761 0.700575
622 0.633971 0.500761 0.700575
623 0.90039 0.500761 0.700575
624 0.500761 0.234342 0.567366
625 0.234342 0.234342 0.567366
626 0.76718 0.234342 0.567366
627 0.101132 0.234342 0.567366
628 0.367551 0.234342 0.567366
629 0.167737 0.500761 0.700575
630 0.633971 0.234342 0.567366
631 0.300946 0.500761 0.700575
632 0.90039 0.234342 0.567366
633 0.434156 0.500761 0.700575
634 0.567366 0.500761 0.700575
635 0.700575 0.500761 0.700575
636 0.833785 0.500761 0.700575
637 0.167737 0.234342 0.567366
638 0.300946 0.234342 0.567366
639 0.434156 0.234342 0.567366
640 0.500761 0.567366 0.500761
641 0.567366 0.234342 0.567366
642 0.500761 0.101132 0.300946
643 0.700575 0.234342 0.567366
644 0.833785 0.234342 0.567366
645 0.234342 0.567366 0.500761
646 0.76718 0.567366 0.500761
647 0.101132 0.567366 0.500761
648 0.367551 0.567366 0.500761
649 0.367551 0.101132 0.300946
650 0.633971 0.567366 0.500761
651 0.633971 0.101132 0.300946
652 0.90039 0.567366 0.500761
653 0.500761 0.367551 0.76718
654 0.234342 0.367551 0.76718
655 0.76718 0.367551 0.76718
656 0.034527 0.567366 0.500761
657 0.167737 0.567366 0.500761
658 0.300946 0.567366 0.500761
659 0.300946 0.101132 0.300946
660 0.434156 0.567366 0.500761
661 0.434156 0.101132 0.300946
662 0.567366 0.567366 0.500761
663 0.567366 0.101132 0.300946
664 0.101132 0.367551 0.76718
665 0.700575 0.567366 0.500761
666 0.700575 0.101132 0.300946
667 0.367551 0.367551 0.76718
668 0.833785 0.567366 0.500761
669 0.633971 0.367551 0.76718
670 0.966995 0.567366 0.500761
671 0.90039 0.367551 0.76718
672 0.167737 0.367551 0.76718
673 0.300946 0.367551 0.76718
674 0.434156 0.367551 0.76718
675 0.567366 0.367551 0.76718
676 0.700575 0.367551 0.76718
677 0.833785 0.367551 0.76718
678 0.500761 0.76718 0.567366
679 0.234342 0.76718 0.567366
680 0.76718 0.76718 0.567366
681 0.101132 0.76718 0.567366
682 0.367551 0.76718 0.567366
683 0.633971 0.76718 0.567366
684 0.90039 0.76718 0.567366
685 0.167737 0.76718 0.567366
686 0.300946 0.76718 0.567366
687 0.434156 0.76718 0.567366
688 0.500761 0.700575 0.500761
689 0.567366 0.76718 0.567366
690 0.500761 0.367551 0.300946
691 0.700575 0.76718 0.567366
692 0.833785 0.76718 0.567366
693 0.234342 0.700575 0.500761
694 0.234342 0.367551 0.300946
695 0.76718 0.700575 0.500761
696 0.76718 0.367551 0.300946
697 0.101132 0.700575 0.500761
698 0.101132 0.367551 0.300946
699 0.367551 0.700575 0.500761
700 0.367551 0.367551 0.300946
701 0.633971 0.700575 0.500761
702 0.633971 0.367551 0.300946
703 0.90039 0.700575 0.500761
704 0.90039 0.367551 0.300946
705 0.500761 0.633971 0.76718
706 0.234342 0.633971 0.76718
707 0.76718 0.633971 0.76718
708 0.167737 0.700575 0.500761
709 0.167737 0.367551 0.300946
710 0.300946 0.700575 0.500761
711 0.300946 0.367551 0.300946
712 0.434156 0.700575 0.500761
713 0.434156 0.367551 0.300946
714 0.567366 0.700575 0.500761
715 0.567366 0.367551 0.300946
716 0.101132 0.633971 0.76718
717 0.700575 0.700575 0.500761
718 0.700575 0.367551 0.300946
719 0.367551 0.633971 0.76718
720 0.833785 0.700575 0.500761
721 0.833785 0.367551 0.300946
722 0.633971 0.633971 0.76718
723 0.90039 0.633971 0.76718
724 0.167737 0.633971 0.76718
725 0.300946 0.633971 0.76718
726 0.434156 0.633971 0.76718
727 0.567366 0.633971 0.76718
728 0.700575 0.633971 0.76718
729 0.833785 0.633971 0.76718
730 0.500761 0.833785 0.500761
731 0.500761 0.633971 0.300946
732 0.234342 0.833785 0.500761
733 0.234342 0.633971 0.300946
734 0.76718 0.833785 0.500761
735 0.76718 0.633971 0.300946
736 0.101132 0.633971 0.300946
737 0.367551 0.833785 0.500761
738 0.367551 0.633971 0.300946
739 0.633971 0.833785 0.500761
740 0.633971 0.633971 0.300946
741 0.90039 0.633971 0.300946
742 0.500761 0.90039 0.76718
743 0.167737 0.833785 0.500761
744 0.167737 0.633971 0.300946
745 0.300946 0.833785 0.500761
746 0.300946 0.633971 0.300946
747 0.434156 0.833785 0.500761
748 0.434156 0.633971 0.300946
749 0.567366 0.833785 0.500761
750 0.567366 0.633971 0.300946
751 0.700575 0.833785 0.500761
752 0.700575 0.633971 0.300946
753 0.367551 0.90039 0.76718
754 0.833785 0.833785 0.500761
755 0.833785 0.633971 0.300946
756 0.633971 0.90039 0.76718
757 0.434156 0.90039 0.76718
758 0.567366 0.90039 0.76718
759 0.500761 0.966995 0.500761
760 0.500761 0.90039 0.300946
761 0.367551 0.966995 0.500761
762 0.367551 0.90039 0.300946
763 0.633971 0.966995 0.500761
764 0.633971 0.90039 0.300946
765 0.300946 0.90039 0.300946
766 0.434156 0.966995 0.500761
767 0.434156 0.90039 0.300946
768 0.567366 0.966995 0.500761
769 0.567366 0.90039 0.300946
770 0.700575 0.90039 0.300946
771 0.500761 0.500761 0.833785
772 0.234342 0.500761 0.833785
773 0.76718 0.500761 0.833785
774 0.367551 0.500761 0.833785
775 0.633971 0.500761 0.833785
776 0.500761 0.234342 0.700575
777 0.234342 0.234342 0.700575
778 0.76718 0.234342 0.700575
779 0.367551 0.234342 0.700575
780 0.167737 0.500761 0.833785
781 0.633971 0.234342 0.700575
782 0.300946 0.500761 0.833785
783 0.434156 0.500761 0.833785
784 0.567366 0.500761 0.833785
785 0.700575 0.500761 0.833785
786 0.833785 0.500761 0.833785
787 0.167737 0.234342 0.700575
788 0.300946 0.234342 0.700575
789 0.434156 0.234342 0.700575
790 0.500761 0.101132 0.434156
791 0.567366 0.234342 0.700575
792 0.700575 0.234342 0.700575
793 0.833785 0.234342 0.700575
794 0.234342 0.101132 0.434156
795 0.76718 0.101132 0.434156
796 0.367551 0.101132 0.434156
797 0.633971 0.101132 0.434156
798 0.300946 0.101132 0.434156
799 0.434156 0.101132 0.434156
800 0.567366 0.101132 0.434156
801 0.700575 0.101132 0.434156
802 0.500761 0.76718 0.700575
803 0.234342 0.76718 0.700575
804 0.76718 0.76718 0.700575
805 0.367551 0.76718 0.700575
806 0.633971 0.76718 0.700575
807 0.167737 0.76718 0.700575
808 0.300946 0.76718 0.700575
809 0.434156 0.76718 0.700575
810 0.500761 0.367551 0.434156
811 0.567366 0.76718 0.700575
812 0.700575 0.76718 0.700575
813 0.833785 0.76718 0.700575
814 0.234342 0.367551 0.434156
815 0.76718 0.367551 0.434156
816 0.101132 0.367551 0.434156
817 0.367551 0.367551 0.434156
818 0.633971 0.367551 0.434156
819 0.90039 0.367551 0.434156
820 0.034527 0.367551 0.434156
821 0.167737 0.367551 0.434156
822 0.300946 0.367551 0.434156
823 0.434156 0.367551 0.434156
824 0.567366 0.367551 0.434156
825 0.700575 0.367551 0.434156
826 0.833785 0.367551 0.434156
827 0.966995 0.367551 0.434156
828 0.500761 0.633971 0.434156
829 0.234342 0.633971 0.434156
830 0.76718 0.633971 0.434156
831 0.101132 0.633971 0.434156
832 0.367551 0.633971 0.434156
833 0.633971 0.633971 0.434156
834 0.90039 0.633971 0.434156
835 0.034527 0.633971 0.434156
836 0.167737 0.633971 0.434156
837 0.300946 0.633971 0.434156
838 0.434156 0.633971 0.434156
839 0.567366 0.633971 0.434156
840 0.700575 0.633971 0.434156
841 0.833785 0.633971 0.434156
842 0.966995 0.633971 0.434156
843 0.500761 0.90039 0.434156
844 0.234342 0.90039 0.434156
845 0.76718 0.90039 0.434156
846 0.367551 0.90039 0.434156
847 0.633971 0.90039 0.434156
848 0.300946 0.90039 0.434156
849 0.434156 0.90039 0.434156
850 0.567366 0.90039 0.434156
851 0.700575 0.90039 0.434156
852 0.500761 0.500761 0.966995
853 0.367551 0.500761 0.966995
854 0.633971 0.500761 0.966995
855 0.500761 0.234342 0.833785
856 0.367551 0.234342 0.833785
857 0.633971 0.234342 0.833785
858 0.434156 0.500761 0.966995
859 0.567366 0.500761 0.966995
860 0.300946 0.234342 0.833785
861 0.434156 0.234342 0.833785
862 0.500761 0.101132 0.567366
863 0.567366 0.234342 0.833785
864 0.700575 0.234342 0.833785
865 0.234342 0.101132 0.567366
866 0.76718 0.101132 0.567366
867 0.367551 0.101132 0.567366
868 0.633971 0.101132 0.567366
869 0.300946 0.101132 0.567366
870 0.434156 0.101132 0.567366
871 0.567366 0.101132 0.567366
872 0.700575 0.101132 0.567366
873 0.500761 0.76718 0.833785
874 0.367551 0.76718 0.833785
875 0.633971 0.76718 0.833785
876 0.300946 0.76718 0.833785
877 0.434156 0.76718 0.833785
878 0.500761 0.367551 0.567366
879 0.567366 0.76718 0.833785
880 0.700575 0.76718 0.833785
881 0.234342 0.367551 0.567366
882 0.76718 0.367551 0.567366
883 0.101132 0.367551 0.567366
884 0.367551 0.367551 0.567366
885 0.633971 0.367551 0.567366
886 0.90039 0.367551 0.567366
887 0.034527 0.367551 0.567366
888 0.167737 0.367551 0.567366
889 0.300946 0.367551 0.567366
890 0.434156 0.367551 0.567366
891 0.567366 0.367551 0.567366
892 0.700575 0.367551 0.567366
893 0.833785 0.367551 0.567366
894 0.966995 0.367551 0.567366
895 0.500761 0.633971 0.567366
896 0.234342 0.633971 0.567366
897 0.76718 0.633971 0.567366
898 0.101132 0.633971 0.567366
899 0.367551 0.633971 0.567366
900 0.633971 0.633971 0.567366
901 0.90039 0.633971 0.567366
902 0.034527 0.633971 0.567366
903 0.167737 0.633971 0.567366
904 0.300946 0.633971 0.567366
905 0.434156 0.633971 0.567366
906 0.567366 0.633971 0.567366
907 0.700575 0.633971 0.567366
908 0.833785 0.633971 0.567366
909 0.966995 0.633971 0.567366
910 0.500761 0.90039 0.567366
911 0.234342 0.90039 0.567366
912 0.76718 0.90039 0.567366
913 0.367551 0.90039 0.567366
914 0.633971 0.90039 0.567366
915 0.300946 0.90039 0.567366
916 0.434156 0.90039 0.567366
917 0.567366 0.90039 0.567366
918 0.700575 0.90039 0.567366
919 0.500761 0.434156 0.034527
920 0.367551 0.434156 0.034527
921 0.633971 0.434156 0.034527
922 0.500761 0.101132 0.700575
923 0.434156 0.434156 0.034527
924 0.567366 0.434156 0.034527
925 0.367551 0.101132 0.700575
926 0.633971 0.101132 0.700575
927 0.300946 0.101132 0.700575
928 0.434156 0.101132 0.700575
929 0.567366 0.101132 0.700575
930 0.700575 0.101132 0.700575
931 0.500761 0.567366 0.034527
932 0.500761 0.167737 0.234342
933 0.367551 0.567366 0.034527
934 0.633971 0.567366 0.034527
935 0.367551 0.167737 0.234342
936 0.633971 0.167737 0.234342
937 0.500761 0.367551 0.700575
938 0.234342 0.367551 0.700575
939 0.76718 0.367551 0.700575
940 0.434156 0.567366 0.034527
941 0.567366 0.567366 0.034527
942 0.101132 0.367551 0.700575
943 0.300946 0.167737 0.234342
944 0.367551 0.367551 0.700575
945 0.434156 0.167737 0.234342
946 0.633971 0.367551 0.700575
947 0.567366 0.167737 0.234342
948 0.90039 0.367551 0.700575
949 0.700575 0.167737 0.234342
950 0.167737 0.367551 0.700575
951 0.300946 0.367551 0.700575
952 0.434156 0.367551 0.700575
953 0.567366 0.367551 0.700575
954 0.700575 0.367551 0.700575
955 0.833785 0.367551 0.700575
956 0.500761 0.167737 0.167737
957 0.367551 0.167737 0.167737
958 0.633971 0.167737 0.167737
959 0.500761 0.300946 0.234342
960 0.234342 0.300946 0.234342
961 0.76718 0.300946 0.234342
962 0.434156 0.167737 0.167737
963 0.567366 0.167737 0.167737
964 0.367551 0.300946 0.234342
965 0.633971 0.300946 0.234342
966 0.500761 0.633971 0.700575
967 0.234342 0.633971 0.700575
968 0.76718 0.633971 0.700575
969 0.167737 0.300946 0.234342
970 0.101132 0.633971 0.700575
971 0.300946 0.300946 0.234342
972 0.367551 0.633971 0.700575
973 0.434156 0.300946 0.234342
974 0.633971 0.633971 0.700575
975 0.567366 0.300946 0.234342
976 0.90039 0.633971 0.700575
977 0.700575 0.300946 0.234342
978 0.833785 0.300946 0.234342
979 0.167737 0.633971 0.700575
980 0.300946 0.633971 0.700575
981 0.434156 0.633971 0.700575
982 0.567366 0.633971 0.700575
983 0.700575 0.633971 0.700575
984 0.833785 0.633971 0.700575
985 0.500761 0.500761 0.101132
986 0.234342 0.500761 0.101132
987 0.76718 0.500761 0.101132
988 0.500761 0.300946 0.167737
989 0.234342 0.300946 0.167737
990 0.76718 0.300946 0.167737
991 0.367551 0.500761 0.101132
992 0.633971 0.500761 0.101132
993 0.367551 0.300946 0.167737
994 0.633971 0.300946 0.167737
995 0.500761 0.434156 0.234342
996 0.300946 0.500761 0.101132
997 0.234342 0.434156 0.234342
998 0.434156 0.500761 0.101132
999 0.76718 0.434156 0.234342
1000 0.567366 0.500761 0.101132
1001 0.700575 0.500761 0.101132
1002 0.300946 0.300946 0.167737
1003 0.434156 0.300946 0.167737
1004 0.567366 0.300946 0.167737
1005 0.101132 0.434156 0.234342
1006 0.700575 0.300946 0.167737
1007 0.367551 0.434156 0.234342
1008 0.633971 0.434156 0.234342
1009 0.90039 0.434156 0.234342
1010 0.500761 0.90039 0.700575
1011 0.167737 0.434156 0.234342
1012 0.300946 0.434156 0.234342
1013 0.367551 0.90039 0.700575
1014 0.434156 0.434156 0.234342
1015 0.633971 0.90039 0.700575
1016 0.567366 0.434156 0.234342
1017 0.700575 0.434156 0.234342
1018 0.833785 0.434156 0.234342
1019 0.300946 0.90039 0.700575
1020 0.434156 0.90039 0.700575
1021 0.567366 0.90039 0.700575
1022 0.700575 0.90039 0.700575
1023 0.500761 0.434156 0.167737
1024 0.234342 0.434156 0.167737
1025 0.76718 0.434156 0.167737
1026 0.367551 0.434156 0.167737
1027 0.633971 0.434156 0.167737
1028 0.500761 0.567366 0.234342
1029 0.234342 0.567366 0.234342
1030 0.76718 0.567366 0.234342
1031 0.167737 0.434156 0.167737
1032 0.300946 0.434156 0.167737
1033 0.434156 0.434156 0.167737
1034 0.567366 0.434156 0.167737
1035 0.101132 0.567366 0.234342
1036 0.700575 0.434156 0.167737
1037 0.367551 0.567366 0.234342
1038 0.833785 0.434156 0.167737
1039 0.633971 0.567366 0.234342
1040 0.90039 0.567366 0.234342
1041 0.167737 0.567366 0.234342
1042 0.300946 0.567366 0.234342
1043 0.434156 0.567366 0.234342
1044 0.567366 0.567366 0.234342
1045 0.700575 0.567366 0.234342
1046 0.833785 0.567366 0.234342
1047 0.500761 0.567366 0.167737
1048 0.234342 0.567366 0.167737
1049 0.500761 0.167737 0.76718
1050 0.76718 0.567366 0.167737
1051 0.367551 0.567366 0.167737
1052 0.633971 0.567366 0.167737
1053 0.367551 0.167737 0.76718
1054 0.633971 0.167737 0.76718
1055 0.500761 0.700575 0.234342
1056 0.500761 0.367551 0.833785
1057 0.234342 0.700575 0.234342
1058 0.76718 0.700575 0.234342
1059 0.234342 0.367551 0.833785
1060 0.76718 0.367551 0.833785
1061 0.167737 0.567366 0.167737
1062 0.300946 0.567366 0.167737
1063 0.434156 0.567366 0.167737
1064 0.567366 0.567366 0.167737
1065 0.700575 0.567366 0.167737
1066 0.367551 0.700575 0.234342
1067 0.300946 0.167737 0.76718
1068 0.833785 0.567366 0.167737
1069 0.633971 0.700575 0.234342
1070 0.367551 0.367551 0.833785
1071 0.434156 0.167737 0.76718
1072 0.633971 0.367551 0.833785
1073 0.567366 0.167737 0.76718
1074 0.700575 0.167737 0.76718
1075 0.167737 0.700575 0.234342
1076 0.300946 0.700575 0.234342
1077 0.167737 0.367551 0.833785
1078 0.434156 0.700575 0.234342
1079 0.300946 0.367551 0.833785
1080 0.567366 0.700575 0.234342
1081 0.434156 0.367551 0.833785
1082 0.700575 0.700575 0.234342
1083 0.567366 0.367551 0.833785
1084 0.833785 0.700575 0.234342
1085 0.700575 0.367551 0.833785
1086 0.833785 0.367551 0.833785
1087 0.500761 0.167737 0.300946
1088 0.234342 0.167737 0.300946
1089 0.76718 0.167737 0.300946
1090 0.367551 0.167737 0.300946
1091 0.633971 0.167737 0.300946
1092 0.500761 0.700575 0.167737
1093 0.500761 0.300946 0.76718
1094 0.234342 0.700575 0.167737
1095 0.76718 0.700575 0.167737
1096 0.234342 0.300946 0.76718
1097 0.76718 0.300946 0.76718
1098 0.367551 0.700575 0.167737
1099 0.633971 0.700575 0.167737
1100 0.300946 0.167737 0.300946
1101 0.434156 0.167737 0.300946
1102 0.567366 0.167737 0.300946
1103 0.700575 0.167737 0.300946
1104 0.367551 0.300946 0.76718
1105 0.633971 0.300946 0.76718
1106 0.500761 0.833785 0.234342
1107 0.500761 0.633971 0.833785
1108 0.234342 0.633971 0.833785
1109 0.76718 0.633971 0.833785
1110 0.300946 0.700575 0.167737
1111 0.434156 0.700575 0.167737
1112 0.567366 0.700575 0.167737
1113 0.700575 0.700575 0.167737
1114 0.167737 0.300946 0.76718
1115 0.367551 0.833785 0.234342
1116 0.300946 0.300946 0.76718
1117 0.633971 0.833785 0.234342
1118 0.367551 0.633971 0.833785
1119 0.434156 0.300946 0.76718
1120 0.633971 0.633971 0.833785
1121 0.567366 0.300946 0.76718
1122 0.700575 0.300946 0.76718
1123 0.833785 0.300946 0.76718
1124 0.300946 0.833785 0.234342
1125 0.167737 0.633971 0.833785
1126 0.434156 0.833785 0.234342
1127 0.300946 0.633971 0.833785
1128 0.567366 0.833785 0.234342
1129 0.434156 0.633971 0.833785
1130 0.700575 0.833785 0.234342
1131 0.567366 0.633971 0.833785
1132 0.700575 0.633971 0.833785
1133 0.833785 0.633971 0.833785
1134 0.500761 0.500761 0.367551
1135 0.234342 0.500761 0.367551
1136 0.76718 0.500761 0.367551
1137 0.500761 0.300946 0.300946
1138 0.234342 0.300946 0.300946
1139 0.76718 0.300946 0.300946
1140 0.101132 0.500761 0.367551
1141 0.367551 0.500761 0.367551
1142 0.633971 0.500761 0.367551
1143 0.90039 0.500761 0.367551
1144 0.500761 0.234342 0.101132
1145 0.101132 0.300946 0.300946
1146 0.367551 0.300946 0.300946
1147 0.633971 0.300946 0.300946
1148 0.90039 0.300946 0.300946
1149 0.500761 0.833785 0.167737
1150 0.500761 0.434156 0.76718
1151 0.034527 0.500761 0.367551
1152 0.367551 0.234342 0.101132
1153 0.167737 0.500761 0.367551
1154 0.633971 0.234342 0.101132
1155 0.300946 0.500761 0.367551
1156 0.234342 0.434156 0.76718
1157 0.434156 0.500761 0.367551
1158 0.76718 0.434156 0.76718
1159 0.567366 0.500761 0.367551
1160 0.700575 0.500761 0.367551
1161 0.833785 0.500761 0.367551
1162 0.966995 0.500761 0.367551
1163 0.167737 0.300946 0.300946
1164 0.367551 0.833785 0.167737
1165 0.300946 0.300946 0.300946
1166 0.633971 0.833785 0.167737
1167 0.434156 0.300946 0.300946
1168 0.567366 0.300946 0.300946
1169 0.101132 0.434156 0.76718
1170 0.700575 0.300946 0.300946
1171 0.367551 0.434156 0.76718
1172 0.833785 0.300946 0.300946
1173 0.633971 0.434156 0.76718
1174 0.90039 0.434156 0.76718
1175 0.434156 0.234342 0.101132
1176 0.567366 0.234342 0.101132
1177 0.434156 0.833785 0.167737
1178 0.567366 0.833785 0.167737
1179 0.167737 0.434156 0.76718
1180 0.300946 0.434156 0.76718
1181 0.434156 0.434156 0.76718
1182 0.567366 0.434156 0.76718
1183 0.700575 0.434156 0.76718
1184 0.833785 0.434156 0.76718
1185 0.500761 0.434156 0.300946
1186 0.234342 0.434156 0.300946
1187 0.76718 0.434156 0.300946
1188 0.500761 0.76718 0.101132
1189 0.101132 0.434156 0.300946
1190 0.367551 0.434156 0.300946
1191 0.633971 0.434156 0.300946
1192 0.90039 0.434156 0.300946
1193 0.500761 0.567366 0.76718
1194 0.367551 0.76718 0.101132
1195 0.633971 0.76718 0.101132
1196 0.234342 0.567366 0.76718
1197 0.76718 0.567366 0.76718
1198 0.167737 0.434156 0.300946
1199 0.300946 0.434156 0.300946
1200 0.434156 0.434156 0.300946
1201 0.567366 0.434156 0.300946
1202 0.101132 0.567366 0.76718
1203 0.700575 0.434156 0.300946
1204 0.367551 0.567366 0.76718
1205 0.833785 0.434156 0.300946
1206 0.633971 0.567366 0.76718
1207 0.90039 0.567366 0.76718
1208 0.434156 0.76718 0.101132
1209 0.567366 0.76718 0.101132
1210 0.167737 0.567366 0.76718
1211 0.300946 0.567366 0.76718
1212 0.434156 0.567366 0.76718
1213 0.567366 0.567366 0.76718
1214 0.700575 0.567366 0.76718
1215 0.833785 0.567366 0.76718
1216 0.500761 0.034527 0.434156
1217 0.367551 0.034527 0.434156
1218 0.633971 0.034527 0.434156
1219 0.500761 0.567366 0.300946
1220 0.234342 0.567366 0.300946
1221 0.76718 0.567366 0.300946
1222 0.101132 0.567366 0.300946
1223 0.367551 0.567366 0.300946
1224 0.633971 0.567366 0.300946
1225 0.434156 0.034527 0.434156
1226 0.90039 0.567366 0.300946
1227 0.567366 0.034527 0.434156
1228 0.500761 0.700575 0.76718
1229 0.500761 0.367551 0.966995
1230 0.234342 0.700575 0.76718
1231 0.76718 0.700575 0.76718
1232 0.167737 0.567366 0.300946
1233 0.300946 0.567366 0.300946
1234 0.434156 0.567366 0.300946
1235 0.567366 0.567366 0.300946
1236 0.700575 0.567366 0.300946
1237 0.367551 0.700575 0.76718
1238 0.833785 0.567366 0.300946
1239 0.633971 0.700575 0.76718
1240 0.167737 0.700575 0.76718
1241 0.300946 0.700575 0.76718
1242 0.434156 0.700575 0.76718
1243 0.567366 0.700575 0.76718
1244 0.434156 0.367551 0.966995
1245 0.700575 0.700575 0.76718
1246 0.567366 0.367551 0.966995
1247 0.833785 0.700575 0.76718
1248 0.500761 0.167737 0.434156
1249 0.234342 0.167737 0.434156
1250 0.76718 0.167737 0.434156
1251 0.367551 0.167737 0.434156
1252 0.633971 0.167737 0.434156
1253 0.500761 0.700575 0.300946
1254 0.234342 0.700575 0.300946
1255 0.76718 0.700575 0.300946
1256 0.101132 0.700575 0.300946
1257 0.167737 0.167737 0.434156
1258 0.367551 0.700575 0.300946
1259 0.300946 0.167737 0.434156
1260 0.633971 0.700575 0.300946
1261 0.434156 0.167737 0.434156
1262 0.90039 0.700575 0.300946
1263 0.567366 0.167737 0.434156
1264 0.700575 0.167737 0.434156
1265 0.833785 0.167737 0.434156
1266 0.500761 0.833785 0.76718
1267 0.500761 0.633971 0.966995
1268 0.167737 0.700575 0.300946
1269 0.300946 0.700575 0.300946
1270 0.434156 0.700575 0.300946
1271 0.567366 0.700575 0.300946
1272 0.700575 0.700575 0.300946
1273 0.367551 0.833785 0.76718
1274 0.833785 0.700575 0.300946
1275 0.633971 0.833785 0.76718
1276 0.300946 0.833785 0.76718
1277 0.434156 0.833785 0.76718
1278 0.567366 0.833785 0.76718
1279 0.434156 0.633971 0.966995
1280 0.700575 0.833785 0.76718
1281 0.567366 0.633971 0.966995
1282 0.500761 0.500761 0.633971
1283 0.234342 0.500761 0.633971
1284 0.76718 0.500761 0.633971
1285 0.500761 0.300946 0.434156
1286 0.234342 0.300946 0.434156
1287 0.101132 0.500761 0.633971
1288 0.76718 0.300946 0.434156
1289 0.367551 0.500761 0.633971
1290 0.633971 0.500761 0.633971
1291 0.90039 0.500761 0.633971
1292 0.500761 0.234342 0.367551
1293 0.101132 0.300946 0.434156
1294 0.367551 0.300946 0.434156
1295 0.234342 0.234342 0.367551
1296 0.633971 0.300946 0.434156
1297 0.76718 0.234342 0.367551
1298 0.90039 0.300946 0.434156
1299 0.500761 0.833785 0.300946
1300 0.234342 0.833785 0.300946
1301 0.76718 0.833785 0.300946
1302 0.101132 0.234342 0.367551
1303 0.034527 0.500761 0.633971
1304 0.167737 0.500761 0.633971
1305 0.367551 0.234342 0.367551
1306 0.300946 0.500761 0.633971
1307 0.633971 0.234342 0.367551
1308 0.434156 0.500761 0.633971
1309 0.90039 0.234342 0.367551
1310 0.567366 0.500761 0.633971
1311 0.700575 0.500761 0.633971
1312 0.833785 0.500761 0.633971
1313 0.966995 0.500761 0.633971
1314 0.167737 0.300946 0.434156
1315 0.367551 0.833785 0.300946
1316 0.300946 0.300946 0.434156
1317 0.633971 0.833785 0.300946
1318 0.434156 0.300946 0.434156
1319 0.567366 0.300946 0.434156
1320 0.700575 0.300946 0.434156
1321 0.833785 0.300946 0.434156
1322 0.167737 0.234342 0.367551
1323 0.300946 0.234342 0.367551
1324 0.434156 0.234342 0.367551
1325 0.567366 0.234342 0.367551
1326 0.700575 0.234342 0.367551
1327 0.833785 0.234342 0.367551
1328 0.300946 0.833785 0.300946
1329 0.434156 0.833785 0.300946
1330 0.567366 0.833785 0.300946
1331 0.700575 0.833785 0.300946
1332 0.500761 0.434156 0.434156
1333 0.234342 0.434156 0.434156
1334 0.76718 0.434156 0.434156
1335 0.500761 0.76718 0.367551
1336 0.101132 0.434156 0.434156
1337 0.367551 0.434156 0.434156
1338 0.234342 0.76718 0.367551
1339 0.633971 0.434156 0.434156
1340 0.76718 0.76718 0.367551
1341 0.90039 0.434156 0.434156
1342 0.101132 0.76718 0.367551
1343 0.367551 0.76718 0.367551
1344 0.633971 0.76718 0.367551
1345 0.90039 0.76718 0.367551
1346 0.034527 0.434156 0.434156
1347 0.167737 0.434156 0.434156
1348 0.300946 0.434156 0.434156
1349 0.434156 0.434156 0.434156
1350 0.567366 0.434156 0.434156
1351 0.700575 0.434156 0.434156
1352 0.833785 0.434156 0.434156
1353 0.966995 0.434156 0.434156
1354 0.167737 0.76718 0.367551
1355 0.300946 0.76718 0.367551
1356 0.434156 0.76718 0.367551
1357 0.567366 0.76718 0.367551
1358 0.700575 0.76718 0.367551
1359 0.833785 0.76718 0.367551
1360 0.500761 0.034527 0.567366
1361 0.367551 0.034527 0.567366
1362 0.633971 0.034527 0.567366
1363 0.500761 0.567366 0.434156
1364 0.234342 0.567366 0.434156
1365 0.76718 0.567366 0.434156
1366 0.101132 0.567366 0.434156
1367 0.367551 0.567366 0.434156
1368 0.633971 0.567366 0.434156
1369 0.434156 0.034527 0.567366
1370 0.90039 0.567366 0.434156
1371 0.567366 0.034527 0.567366
1372 0.034527 0.567366 0.434156
1373 0.167737 0.567366 0.434156
1374 0.300946 0.567366 0.434156
1375 0.434156 0.567366 0.434156
1376 0.567366 0.567366 0.434156
1377 0.700575 0.567366 0.434156
1378 0.833785 0.567366 0.434156
1379 0.966995 0.567366 0.434156
1380 0.500761 0.167737 0.567366
1381 0.234342 0.167737 0.567366
1382 0.76718 0.167737 0.567366
1383 0.367551 0.167737 0.567366
1384 0.633971 0.167737 0.567366
1385 0.500761 0.700575 0.434156
1386 0.234342 0.700575 0.434156
1387 0.76718 0.700575 0.434156
1388 0.101132 0.700575 0.434156
1389 0.167737 0.167737 0.567366
1390 0.367551 0.700575 0.434156
1391 0.300946 0.167737 0.567366
1392 0.633971 0.700575 0.434156
1393 0.434156 0.167737 0.567366
1394 0.90039 0.700575 0.434156
1395 0.567366 0.167737 0.567366
1396 0.700575 0.167737 0.567366
1397 0.833785 0.167737 0.567366
1398 0.167737 0.700575 0.434156
1399 0.300946 0.700575 0.434156
1400 0.434156 0.700575 0.434156
1401 0.567366 0.700575 0.434156
1402 0.700575 0.700575 0.434156
1403 0.833785 0.700575 0.434156
1404 0.500761 0.500761 0.90039
1405 0.234342 0.500761 0.90039
1406 0.76718 0.500761 0.90039
1407 0.500761 0.300946 0.567366
1408 0.234342 0.300946 0.567366
1409 0.76718 0.300946 0.567366
1410 0.367551 0.500761 0.90039
1411 0.633971 0.500761 0.90039
1412 0.500761 0.234342 0.633971
1413 0.101132 0.300946 0.567366
1414 0.234342 0.234342 0.633971
1415 0.367551 0.300946 0.567366
1416 0.76718 0.234342 0.633971
1417 0.633971 0.300946 0.567366
1418 0.90039 0.300946 0.567366
1419 0.500761 0.833785 0.434156
1420 0.234342 0.833785 0.434156
1421 0.101132 0.234342 0.633971
1422 0.76718 0.833785 0.434156
1423 0.367551 0.234342 0.633971
1424 0.633971 0.234342 0.633971
1425 0.300946 0.500761 0.90039
1426 0.90039 0.234342 0.633971
1427 0.434156 0.500761 0.90039
1428 0.567366 0.500761 0.90039
1429 0.700575 0.500761 0.90039
1430 0.167737 0.300946 0.567366
1431 0.367551 0.833785 0.434156
1432 0.300946 0.300946 0.567366
1433 0.633971 0.833785 0.434156
1434 0.434156 0.300946 0.567366
1435 0.567366 0.300946 0.567366
1436 0.700575 0.300946 0.567366
1437 0.833785 0.300946 0.567366
1438 0.167737 0.234342 0.633971
1439 0.300946 0.234342 0.633971
1440 0.434156 0.234342 0.633971
1441 0.567366 0.234342 0.633971
1442 0.700575 0.234342 0.633971
1443 0.833785 0.234342 0.633971
1444 0.167737 0.833785 0.434156
1445 0.300946 0.833785 0.434156
1446 0.434156 0.833785 0.434156
1447 0.567366 0.833785 0.434156
1448 0.700575 0.833785 0.434156
1449 0.833785 0.833785 0.434156
1450 0.500761 0.434156 0.567366
1451 0.234342 0.434156 0.567366
1452 0.76718 0.434156 0.567366
1453 0.500761 0.76718 0.633971
1454 0.101132 0.434156 0.567366
1455 0.234342 0.76718 0.633971
1456 0.367551 0.434156 0.567366
1457 0.76718 0.76718 0.633971
1458 0.633971 0.434156 0.567366
1459 0.90039 0.434156 0.567366
1460 0.500761 0.966995 0.434156
1461 0.101132 0.76718 0.633971
1462 0.367551 0.76718 0.633971
1463 0.633971 0.76718 0.633971
1464 0.90039 0.76718 0.633971
1465 0.034527 0.434156 0.567366
1466 0.167737 0.434156 0.567366
1467 0.367551 0.966995 0.434156
1468 0.300946 0.434156 0.567366
1469 0.633971 0.966995 0.434156
1470 0.434156 0.434156 0.567366
1471 0.567366 0.434156 0.567366
1472 0.700575 0.434156 0.567366
1473 0.833785 0.434156 0.567366
1474 0.966995 0.434156 0.567366
1475 0.167737 0.76718 0.633971
1476 0.300946 0.76718 0.633971
1477 0.434156 0.76718 0.633971
1478 0.567366 0.76718 0.633971
1479 0.500761 0.367551 0.101132
1480 0.700575 0.76718 0.633971
1481 0.833785 0.76718 0.633971
1482 0.234342 0.367551 0.101132
1483 0.76718 0.367551 0.101132
1484 0.434156 0.966995 0.434156
1485 0.567366 0.966995 0.434156
1486 0.367551 0.367551 0.101132
1487 0.633971 0.367551 0.101132
1488 0.300946 0.367551 0.101132
1489 0.434156 0.367551 0.101132
1490 0.567366 0.367551 0.101132
1491 0.700575 0.367551 0.101132
1492 0.500761 0.567366 0.567366
1493 0.234342 0.567366 0.567366
1494 0.76718 0.567366 0.567366
1495 0.101132 0.567366 0.567366
1496 0.367551 0.567366 0.567366
1497 0.633971 0.567366 0.567366
1498 0.90039 0.567366 0.567366
1499 0.034527 0.567366 0.567366
1500 0.167737 0.567366 0.567366
1501 0.300946 0.567366 0.567366
1502 0.434156 0.567366 0.567366
1503 0.567366 0.567366 0.567366
1504 0.700575 0.567366 0.567366
1505 0.833785 0.567366 0.567366
1506 0.966995 0.567366 0.567366
1507 0.500761 0.633971 0.101132
1508 0.234342 0.633971 0.101132
1509 0.76718 0.633971 0.101132
1510 0.367551 0.633971 0.101132
1511 0.633971 0.633971 0.101132
1512 0.300946 0.633971 0.101132
1513 0.434156 0.633971 0.101132
1514 0.567366 0.633971 0.101132
1515 0.700575 0.633971 0.101132
1516 0.500761 0.167737 0.700575
1517 0.234342 0.167737 0.700575
1518 0.76718 0.167737 0.700575
1519 0.367551 0.167737 0.700575
1520 0.633971 0.167737 0.700575
1521 0.500761 0.700575 0.567366
1522 0.234342 0.700575 0.567366
1523 0.76718 0.700575 0.567366
1524 0.101132 0.700575 0.567366
1525 0.367551 0.700575 0.567366
1526 0.300946 0.167737 0.700575
1527 0.633971 0.700575 0.567366
1528 0.434156 0.167737 0.700575
1529 0.90039 0.700575 0.567366
1530 0.567366 0.167737 0.700575
1531 0.700575 0.167737 0.700575
1532 0.167737 0.700575 0.567366
1533 0.300946 0.700575 0.567366
1534 0.434156 0.700575 0.567366
1535 0.567366 0.700575 0.567366
1536 0.700575 0.700575 0.567366
1537 0.833785 0.700575 0.567366
1538 0.500761 0.300946 0.700575
1539 0.234342 0.300946 0.700575
1540 0.76718 0.300946 0.700575
1541 0.500761 0.234342 0.90039
1542 0.101132 0.300946 0.700575
1543 0.367551 0.300946 0.700575
1544 0.633971 0.300946 0.700575
1545 0.90039 0.300946 0.700575
1546 0.500761 0.833785 0.567366
1547 0.234342 0.833785 0.567366
1548 0.76718 0.833785 0.567366
1549 0.367551 0.234342 0.90039
1550 0.633971 0.234342 0.90039
1551 0.167737 0.300946 0.700575
1552 0.367551 0.833785 0.567366
1553 0.300946 0.300946 0.700575
1554 0.633971 0.833785 0.567366
1555 0.434156 0.300946 0.700575
1556 0.567366 0.300946 0.700575
1557 0.700575 0.300946 0.700575
1558 0.833785 0.300946 0.700575
1559 0.434156 0.234342 0.90039
1560 0.567366 0.234342 0.90039
1561 0.500761 0.101132 0.367551
1562 0.167737 0.833785 0.567366
1563 0.234342 0.101132 0.367551
1564 0.300946 0.833785 0.567366
1565 0.76718 0.101132 0.367551
1566 0.434156 0.833785 0.567366
1567 0.567366 0.833785 0.567366
1568 0.700575 0.833785 0.567366
1569 0.833785 0.833785 0.567366
1570 0.367551 0.101132 0.367551
1571 0.633971 0.101132 0.367551
1572 0.300946 0.101132 0.367551
1573 0.434156 0.101132 0.367551
1574 0.567366 0.101132 0.367551
1575 0.700575 0.101132 0.367551
1576 0.500761 0.434156 0.700575
1577 0.234342 0.434156 0.700575
1578 0.76718 0.434156 0.700575
1579 0.500761 0.76718 0.90039
1580 0.101132 0.434156 0.700575
1581 0.367551 0.434156 0.700575
1582 0.633971 0.434156 0.700575
1583 0.90039 0.434156 0.700575
1584 0.500761 0.966995 0.567366
1585 0.367551 0.76718 0.90039
1586 0.633971 0.76718 0.90039
1587 0.167737 0.434156 0.700575
1588 0.367551 0.966995 0.567366
1589 0.300946 0.434156 0.700575
1590 0.633971 0.966995 0.567366
1591 0.434156 0.434156 0.700575
1592 0.567366 0.434156 0.700575
1593 0.700575 0.434156 0.700575
1594 0.833785 0.434156 0.700575
1595 0.434156 0.76718 0.90039
1596 0.500761 0.367551 0.367551
1597 0.567366 0.76718 0.90039
1598 0.234342 0.367551 0.367551
1599 0.76718 0.367551 0.367551
1600 0.434156 0.966995 0.567366
1601 0.567366 0.966995 0.567366
1602 0.101132 0.367551 0.367551
1603 0.367551 0.367551 0.367551
1604 0.633971 0.367551 0.367551
1605 0.90039 0.367551 0.367551
1606 0.167737 0.367551 0.367551
1607 0.300946 0.367551 0.367551
1608 0.434156 0.367551 0.367551
1609 0.567366 0.367551 0.367551
1610 0.700575 0.367551 0.367551
1611 0.833785 0.367551 0.367551
1612 0.500761 0.567366 0.700575
1613 0.234342 0.567366 0.700575
1614 0.76718 0.567366 0.700575
1615 0.101132 0.567366 0.700575
1616 0.367551 0.567366 0.700575
1617 0.633971 0.567366 0.700575
1618 0.90039 0.567366 0.700575
1619 0.167737 0.567366 0.700575
1620 0.300946 0.567366 0.700575
1621 0.434156 0.567366 0.700575
1622 0.567366 0.567366 0.700575
1623 0.700575 0.567366 0.700575
1624 0.833785 0.567366 0.700575
1625 0.500761 0.633971 0.367551
1626 0.234342 0.633971 0.367551
1627 0.76718 0.633971 0.367551
1628 0.101132 0.633971 0.367551
1629 0.367551 0.633971 0.367551
1630 0.633971 0.633971 0.367551
1631 0.90039 0.633971 0.367551
1632 0.167737 0.633971 0.367551
1633 0.300946 0.633971 0.367551
1634 0.434156 0.633971 0.367551
1635 0.567366 0.633971 0.367551
1636 0.700575 0.633971 0.367551
1637 0.833785 0.633971 0.367551
1638 0.500761 0.167737 0.833785
1639 0.367551 0.167737 0.833785
1640 0.633971 0.167737 0.833785
1641 0.500761 0.700575 0.700575
1642 0.234342 0.700575 0.700575
1643 0.76718 0.700575 0.700575
1644 0.101132 0.700575 0.700575
1645 0.367551 0.700575 0.700575
1646 0.633971 0.700575 0.700575
1647 0.434156 0.167737 0.833785
1648 0.90039 0.700575 0.700575
1649 0.567366 0.167737 0.833785
1650 0.167737 0.700575 0.700575
1651 0.300946 0.700575 0.700575
1652 0.434156 0.700575 0.700575
1653 0.567366 0.700575 0.700575
1654 0.700575 0.700575 0.700575
1655 0.833785 0.700575 0.700575
1656 0.500761 0.90039 0.367551
1657 0.234342 0.90039 0.367551
1658 0.76718 0.90039 0.367551
1659 0.367551 0.90039 0.367551
1660 0.633971 0.90039 0.367551
1661 0.300946 0.90039 0.367551
1662 0.434156 0.90039 0.367551
1663 0.567366 0.90039 0.367551
1664 0.700575 0.90039 0.367551
1665 0.500761 0.300946 0.833785
1666 0.234342 0.300946 0.833785
1667 0.76718 0.300946 0.833785
1668 0.367551 0.300946 0.833785
1669 0.633971 0.300946 0.833785
1670 0.500761 0.833785 0.700575
1671 0.234342 0.833785 0.700575
1672 0.76718 0.833785 0.700575
1673 0.367551 0.833785 0.700575
1674 0.300946 0.300946 0.833785
1675 0.633971 0.833785 0.700575
1676 0.434156 0.300946 0.833785
1677 0.567366 0.300946 0.833785
1678 0.700575 0.300946 0.833785
1679 0.500761 0.101132 0.633971
1680 0.234342 0.101132 0.633971
1681 0.76718 0.101132 0.633971
1682 0.300946 0.833785 0.700575
1683 0.434156 0.833785 0.700575
1684 0.567366 0.833785 0.700575
1685 0.700575 0.833785 0.700575
1686 0.367551 0.101132 0.633971
1687 0.633971 0.101132 0.633971
1688 0.300946 0.101132 0.633971
1689 0.434156 0.101132 0.633971
1690 0.567366 0.101132 0.633971
1691 0.700575 0.101132 0.633971
1692 0.500761 0.434156 0.833785
1693 0.234342 0.434156 0.833785
1694 0.76718 0.434156 0.833785
1695 0.367551 0.434156 0.833785
1696 0.633971 0.434156 0.833785
1697 0.167737 0.434156 0.833785
1698 0.300946 0.434156 0.833785
1699 0.434156 0.434156 0.833785
1700 0.567366 0.434156 0.833785
1701 0.700575 0.434156 0.833785
1702 0.833785 0.434156 0.833785
1703 0.500761 0.367551 0.633971
1704 0.234342 0.367551 0.633971
1705 0.76718 0.367551 0.633971
1706 0.101132 0.367551 0.633971
1707 0.367551 0.367551 0.633971
1708 0.633971 0.367551 0.633971
1709 0.90039 0.367551 0.633971
1710 0.167737 0.367551 0.633971
1711 0.300946 0.367551 0.633971
1712 0.434156 0.367551 0.633971
1713 0.567366 0.367551 0.633971
1714 0.700575 0.367551 0.633971
1715 0.833785 0.367551 0.633971
1716 0.500761 0.567366 0.833785
1717 0.234342 0.567366 0.833785
1718 0.76718 0.567366 0.833785
1719 0.367551 0.567366 0.833785
1720 0.633971 0.567366 0.833785
1721 0.167737 0.567366 0.833785
1722 0.300946 0.567366 0.833785
1723 0.434156 0.567366 0.833785
1724 0.567366 0.567366 0.833785
1725 0.700575 0.567366 0.833785
1726 0.833785 0.567366 0.833785
1727 0.500761 0.633971 0.633971
1728 0.234342 0.633971 0.633971
1729 0.76718 0.633971 0.633971
1730 0.101132 0.633971 0.633971
1731 0.367551 0.633971 0.633971
1732 0.633971 0.633971 0.633971
1733 0.90039 0.633971 0.633971
1734 0.167737 0.633971 0.633971
1735 0.300946 0.633971 0.633971
1736 0.434156 0.633971 0.633971
1737 0.567366 0.633971 0.633971
1738 0.700575 0.633971 0.633971
1739 0.833785 0.633971 0.633971
1740 0.500761 0.700575 0.833785
1741 0.234342 0.700575 0.833785
1742 0.76718 0.700575 0.833785
1743 0.367551 0.700575 0.833785
1744 0.633971 0.700575 0.833785
1745 0.300946 0.700575 0.833785
1746 0.434156 0.700575 0.833785
1747 0.567366 0.700575 0.833785
1748 0.700575 0.700575 0.833785
1749 0.500761 0.90039 0.633971
1750 0.234342 0.90039 0.633971
1751 0.76718 0.90039 0.633971
1752 0.367551 0.90039 0.633971
1753 0.633971 0.90039 0.633971
1754 0.300946 0.90039 0.633971
1755 0.434156 0.90039 0.633971
1756 0.567366 0.90039 0.633971
1757 0.700575 0.90039 0.633971
1758 0.500761 0.833785 0.833785
1759 0.367551 0.833785 0.833785
1760 0.633971 0.833785 0.833785
1761 0.434156 0.833785 0.833785
1762 0.567366 0.833785 0.833785
1763 0.500761 0.434156 0.966995
1764 0.367551 0.434156 0.966995
1765 0.633971 0.434156 0.966995
1766 0.434156 0.434156 0.966995
1767 0.567366 0.434156 0.966995
1768 0.500761 0.367551 0.90039
1769 0.234342 0.367551 0.90039
1770 0.76718 0.367551 0.90039
1771 0.367551 0.367551 0.90039
1772 0.633971 0.367551 0.90039
1773 0.300946 0.367551 0.90039
1774 0.434156 0.367551 0.90039
1775 0.567366 0.367551 0.90039
1776 0.700575 0.367551 0.90039
1777 0.500761 0.567366 0.966995
1778 0.367551 0.567366 0.966995
1779 0.633971 0.567366 0.966995
1780 0.434156 0.567366 0.966995
1781 0.567366 0.567366 0.966995
1782 0.500761 0.633971 0.90039
1783 0.234342 0.633971 0.90039
1784 0.76718 0.633971 0.90039
1785 0.367551 0.633971 0.90039
1786 0.633971 0.633971 0.90039
1787 0.300946 0.633971 0.90039
1788 0.434156 0.633971 0.90039
1789 0.567366 0.633971 0.90039
1790 0.700575 0.633971 0.90039
1791 0.953248 0.434156 0.700575
1792 0.0827751 0.76718 0.567366
1793 0.198498 0.500761 0.101132
1794 0.981717 0.633971 0.500761
1795 0.101132 0.793881 0.567366
1796 0.966995 0.678649 0.500761
1797 0.234342 0.500761 0.0764141
1798 0.801502 0.500761 0.101132
1799 0.76718 0.500761 0.0773723
1800 0.500761 0.0419946 0.700575
1801 0.367551 0.93913 0.300946
1802 0.848788 0.167737 0.633971
1803 0.300946 0.633971 0.938668
1804 0.917225 0.76718 0.567366
1805 0.833785 0.152668 0.633971
1806 0.847332 0.633971 0.833785
1807 0.90039 0.791804 0.567366
1808 0.0986622 0.76718 0.367551
1809 0.833785 0.167737 0.667895
1810 0.833785 0.664849 0.833785
1811 0.633971 0.938668 0.300946
1812 0.101132 0.770853 0.367551
1813 0.833785 0.633971 0.847332
1814 0.101132 0.76718 0.36029
1815 0.300946 0.958669 0.500761
1816 0.0469753 0.567366 0.700575
1817 0.700575 0.633971 0.937974
1818 0.901721 0.76718 0.367551
1819 0.90039 0.768599 0.367551
1820 0.90039 0.76718 0.364713
1821 0.500761 0.00455951 0.567366
1822 0.700575 0.958005 0.500761
1823 0.434156 0.132215 0.167737
1824 0.434156 0.167737 0.132215
1825 0.171305 0.234342 0.76718
1826 0.234342 0.171305 0.76718
1827 0.953025 0.567366 0.700575
1828 0.234342 0.234342 0.829926
1829 0.567366 0.132491 0.167737
1830 0.567366 0.167737 0.132491
1831 0.828695 0.234342 0.76718
1832 0.229896 0.101132 0.633971
1833 0.76718 0.172541 0.76718
1834 0.234342 0.0981574 0.633971
1835 0.76718 0.234342 0.828695
1836 0.234342 0.101132 0.642582
1837 0.770104 0.101132 0.633971
1838 0.76718 0.0991676 0.633971
1839 0.76718 0.101132 0.63971
1840 0.500761 0.0178623 0.367551
1841 0.500761 0.034527 0.317423
1842 0.434156 0.500761 0.995645
1843 0.0882488 0.700575 0.700575
1844 0.567366 0.500761 0.99544
1845 0.101132 0.725108 0.700575
1846 0.367551 0.0615632 0.700575
1847 0.101132 0.700575 0.725108
1848 0.0228035 0.434156 0.633971
1849 0.034527 0.375957 0.633971
1850 0.186381 0.833785 0.700575
1851 0.234342 0.873089 0.700575
1852 0.633971 0.0620258 0.700575
1853 0.034527 0.434156 0.670292
1854 0.234342 0.833785 0.760793
1855 0.813619 0.833785 0.700575
1856 0.76718 0.872 0.700575
1857 0.76718 0.833785 0.759234
1858 0.172541 0.76718 0.76718
1859 0.184769 0.700575 0.167737
1860 0.234342 0.828695 0.76718
1861 0.911751 0.700575 0.700575
1862 0.234342 0.762729 0.167737
1863 0.234342 0.700575 0.126911
1864 0.234342 0.76718 0.828695
1865 0.90039 0.72239 0.700575
1866 0.0620258 0.700575 0.633971
1867 0.90039 0.700575 0.72239
1868 0.827459 0.76718 0.76718
1869 0.367551 0.0368486 0.633971
1870 0.815231 0.700575 0.167737
1871 0.76718 0.827459 0.76718
1872 0.76718 0.761182 0.167737
1873 0.76718 0.700575 0.128
1874 0.76718 0.76718 0.827459
1875 0.633971 0.0372865 0.633971
1876 0.276247 0.90039 0.300946
1877 0.300946 0.913225 0.300946
1878 0.300946 0.90039 0.276247
1879 0.330304 0.034527 0.567366
1880 0.367551 0.0225912 0.567366
1881 0.434156 0.953919 0.300946
1882 0.367551 0.034527 0.625667
1883 0.937974 0.700575 0.633971
1884 0.00435497 0.500761 0.434156
1885 0.669696 0.034527 0.567366
1886 0.633971 0.023016 0.567366
1887 0.567366 0.953695 0.300946
1888 0.633971 0.034527 0.624043
1889 0.723753 0.90039 0.300946
1890 0.977196 0.434156 0.633971
1891 0.966995 0.381815 0.633971
1892 0.700575 0.912489 0.300946
1893 0.500761 0.873632 0.167737
1894 0.700575 0.90039 0.27761
1895 0.500761 0.833785 0.127727
1896 0.0615632 0.367551 0.700575
1897 0.966995 0.434156 0.666074
1898 0.132215 0.434156 0.167737
1899 0.167737 0.434156 0.132215
1900 0.500761 0.981717 0.633971
1901 0.023016 0.567366 0.633971
1902 0.500761 0.966995 0.678649
1903 0.034527 0.624043 0.633971
1904 0.034527 0.567366 0.669696
1905 0.938437 0.367551 0.700575
1906 0.0368486 0.367551 0.633971
1907 0.300946 0.500761 0.0413312
1908 0.995645 0.500761 0.434156
1909 0.867785 0.434156 0.167737
1910 0.833785 0.434156 0.133596
1911 0.963151 0.367551 0.633971
1912 0.500761 0.958005 0.700575
1913 0.700575 0.500761 0.0419946
1914 0.0764141 0.500761 0.234342
1915 0.101132 0.500761 0.198498
1916 0.976984 0.567366 0.633971
1917 0.274892 0.101132 0.700575
1918 0.966995 0.618185 0.633971
1919 0.300946 0.087511 0.700575
1920 0.0620258 0.633971 0.700575
1921 0.966995 0.567366 0.665462
1922 0.300946 0.101132 0.726455
1923 0.434156 0.0467516 0.700575
1924 0.132491 0.567366 0.167737
1925 0.923586 0.500761 0.234342
1926 0.500761 0.198498 0.101132
1927 0.90039 0.500761 0.200522
1928 0.167737 0.567366 0.132491
1929 0.500761 0.234342 0.0764141
1930 0.567366 0.0469753 0.700575
1931 0.725108 0.101132 0.700575
1932 0.700575 0.0882488 0.700575
1933 0.937974 0.633971 0.700575
1934 0.700575 0.101132 0.725108
1935 0.300946 0.0613321 0.633971
1936 0.332105 0.833785 0.167737
1937 0.0372865 0.633971 0.633971
1938 0.367551 0.849369 0.167737
1939 0.367551 0.833785 0.152085
1940 0.667895 0.833785 0.167737
1941 0.232157 0.90039 0.633971
1942 0.633971 0.848788 0.167737
1943 0.633971 0.833785 0.152668
1944 0.234342 0.901843 0.633971
1945 0.234342 0.90039 0.638252
1946 0.0463046 0.300946 0.567366
1947 0.768511 0.90039 0.633971
1948 0.76718 0.901721 0.633971
1949 0.76718 0.90039 0.635301
1950 0.867509 0.567366 0.167737
1951 0.700575 0.0620258 0.633971
1952 0.833785 0.567366 0.133872
1953 0.434156 0.00895374 0.567366
1954 0.962714 0.633971 0.633971
1955 0.567366 0.00916019 0.567366
1956 0.200522 0.500761 0.90039
1957 0.953695 0.300946 0.567366
1958 0.234342 0.500761 0.923586
1959 0.0608702 0.300946 0.367551
1960 0.799478 0.500761 0.90039
1961 0.374333 0.034527 0.367551
1962 0.0815623 0.234342 0.434156
1963 0.76718 0.500761 0.922628
1964 0.434156 0.0223789 0.367551
1965 0.101132 0.205774 0.434156
1966 0.434156 0.034527 0.329708
1967 0.367551 0.938437 0.700575
1968 0.500761 0.801502 0.101132
1969 0.500761 0.76718 0.0773723
1970 0.625667 0.034527 0.367551
1971 0.567366 0.0225912 0.367551
1972 0.567366 0.034527 0.330304
1973 0.633971 0.937974 0.700575
1974 0.152668 0.833785 0.633971
1975 0.93913 0.300946 0.367551
1976 0.167737 0.848788 0.633971
1977 0.167737 0.833785 0.667895
1978 0.918438 0.234342 0.434156
1979 0.90039 0.207849 0.434156
1980 0.132491 0.167737 0.567366
1981 0.167737 0.132491 0.567366
1982 0.367551 0.963151 0.633971
1983 0.500761 0.434156 0.00435497
1984 0.357418 0.234342 0.101132
1985 0.367551 0.229147 0.101132
1986 0.367551 0.234342 0.0976533
1987 0.633971 0.962714 0.633971
1988 0.642582 0.234342 0.101132
1989 0.633971 0.229896 0.101132
1990 0.633971 0.234342 0.0981574
1991 0.150631 0.167737 0.367551
1992 0.167737 0.150631 0.367551
1993 0.847332 0.833785 0.633971
1994 0.167737 0.167737 0.329114
1995 0.833785 0.847332 0.633971
1996 0.833785 0.833785 0.664849
1997 0.867509 0.167737 0.567366
1998 0.833785 0.133872 0.567366
1999 0.150631 0.367551 0.167737
2000 0.0825323 0.76718 0.434156
2001 0.167737 0.329114 0.167737
2002 0.167737 0.367551 0.150631
2003 0.101132 0.794226 0.434156
2004 0.434156 0.867785 0.167737
2005 0.434156 0.833785 0.133596
2006 0.849369 0.167737 0.367551
2007 0.917468 0.76718 0.434156
2008 0.833785 0.152085 0.367551
2009 0.833785 0.167737 0.332105
2010 0.90039 0.792151 0.434156
2011 0.567366 0.867509 0.167737
2012 0.567366 0.833785 0.133872
2013 0.381815 0.966995 0.633971
2014 0.500761 0.567366 0.00455951
2015 0.36029 0.76718 0.101132
2016 0.434156 0.977196 0.633971
2017 0.367551 0.770853 0.101132
2018 0.434156 0.966995 0.666074
2019 0.367551 0.76718 0.0986622
2020 0.0413312 0.500761 0.300946
2021 0.849369 0.367551 0.167737
2022 0.833785 0.332105 0.167737
2023 0.833785 0.367551 0.152085
2024 0.618185 0.966995 0.633971
2025 0.63971 0.76718 0.101132
2026 0.206119 0.101132 0.567366
2027 0.567366 0.976984 0.633971
2028 0.633971 0.770104 0.101132
2029 0.234342 0.0818046 0.567366
2030 0.567366 0.966995 0.665462
2031 0.633971 0.76718 0.0991676
2032 1.15785e-06 0.500761 0.500761
2033 0.793881 0.101132 0.567366
2034 0.76718 0.0827751 0.567366
2035 0.500761 0.00435497 0.434156
2036 0.329708 0.434156 0.034527
2037 0.170074 0.234342 0.234342
2038 0.958669 0.500761 0.300946
2039 0.367551 0.374333 0.034527
2040 0.234342 0.170074 0.234342
2041 0.367551 0.434156 0.0223789
2042 0.234342 0.234342 0.170074
2043 0.27761 0.90039 0.700575
2044 0.300946 0.912489 0.700575
2045 0.670292 0.434156 0.034527
2046 0.300946 0.90039 0.723753
2047 0.633971 0.375957 0.034527
2048 0.829926 0.234342 0.234342
2049 0.229147 0.101132 0.367551
2050 0.151212 0.633971 0.167737
2051 0.76718 0.171305 0.234342
2052 0.633971 0.434156 0.0228035
2053 0.234342 0.0976533 0.367551
2054 0.76718 0.234342 0.171305
2055 0.167737 0.670886 0.167737
2056 0.234342 0.101132 0.357418
2057 0.167737 0.633971 0.151212
2058 0.434156 0.953248 0.700575
2059 0.770853 0.101132 0.367551
2060 0.76718 0.0986622 0.367551
2061 0.76718 0.101132 0.36029
2062 0.567366 0.953025 0.700575
2063 0.127727 0.500761 0.833785
2064 0.167737 0.500761 0.873632
2065 0.72239 0.90039 0.700575
2066 0.700575 0.911751 0.700575
2067 0.700575 0.90039 0.72239
2068 0.00895374 0.434156 0.567366
2069 0.300946 0.938668 0.633971
2070 0.999999 0.500761 0.500761
2071 0.434156 0.205774 0.101132
2072 0.434156 0.234342 0.0815623
2073 0.848788 0.633971 0.167737
2074 0.833785 0.667895 0.167737
2075 0.0469753 0.700575 0.567366
2076 0.567366 0.206119 0.101132
2077 0.833785 0.633971 0.152668
2078 0.567366 0.234342 0.0818046
2079 0.700575 0.937974 0.633971
2080 0.0223789 0.434156 0.367551
2081 0.034527 0.374333 0.367551
2082 0.034527 0.434156 0.329708
2083 0.300946 0.500761 0.958669
2084 0.872273 0.500761 0.833785
2085 0.833785 0.500761 0.872273
2086 0.330304 0.567366 0.034527
2087 0.171305 0.76718 0.234342
2088 0.367551 0.625667 0.034527
2089 0.367551 0.567366 0.0225912
2090 0.234342 0.829926 0.234342
2091 0.953025 0.700575 0.567366
2092 0.234342 0.76718 0.171305
2093 0.0615632 0.700575 0.367551
2094 0.669696 0.567366 0.034527
2095 0.367551 0.0364111 0.367551
2096 0.828695 0.76718 0.234342
2097 0.633971 0.624043 0.034527
2098 0.633971 0.567366 0.023016
2099 0.76718 0.828695 0.234342
2100 0.76718 0.76718 0.172541
2101 0.700575 0.500761 0.958005
2102 0.991046 0.434156 0.567366
2103 0.633971 0.0368486 0.367551
2104 0.329708 0.034527 0.434156
2105 0.367551 0.0223789 0.434156
2106 0.367551 0.034527 0.374333
2107 0.238818 0.167737 0.76718
2108 0.938437 0.700575 0.367551
2109 0.300946 0.127183 0.76718
2110 0.0825323 0.434156 0.76718
2111 0.500761 0.99544 0.567366
2112 0.300946 0.167737 0.816194
2113 0.00916019 0.567366 0.567366
2114 0.670292 0.034527 0.434156
2115 0.633971 0.0228035 0.434156
2116 0.101132 0.434156 0.794226
2117 0.633971 0.034527 0.375957
2118 0.500761 0.317423 0.034527
2119 0.500761 0.367551 0.0178623
2120 0.500761 0.200522 0.90039
2121 0.977621 0.434156 0.367551
2122 0.966995 0.380112 0.367551
2123 0.500761 0.234342 0.923586
2124 0.966995 0.434156 0.333926
2125 0.434156 0.794226 0.101132
2126 0.434156 0.76718 0.0825323
2127 0.761182 0.167737 0.76718
2128 0.567366 0.793881 0.101132
2129 0.700575 0.128 0.76718
2130 0.567366 0.76718 0.0827751
2131 0.700575 0.167737 0.815231
2132 0.917468 0.434156 0.76718
2133 0.500761 0.982138 0.367551
2134 0.500761 0.434156 0.995645
2135 0.90039 0.434156 0.792151
2136 0.500761 0.966995 0.321351
2137 0.0225912 0.567366 0.367551
2138 0.034527 0.625667 0.367551
2139 0.034527 0.567366 0.330304
2140 0.0364111 0.367551 0.367551
2141 0.434156 0.434156 0.00874737
2142 0.0764141 0.234342 0.500761
2143 0.500761 0.0773723 0.76718
2144 0.101132 0.198498 0.500761
2145 0.500761 0.101132 0.801502
2146 0.567366 0.434156 0.00895374
2147 0.99084 0.567366 0.567366
2148 0.127183 0.300946 0.76718
2149 0.167737 0.238818 0.76718
2150 0.963589 0.367551 0.367551
2151 0.500761 0.300946 0.0413312
2152 0.167737 0.300946 0.816194
2153 0.923586 0.234342 0.500761
2154 0.90039 0.200522 0.500761
2155 0.0827751 0.567366 0.76718
2156 0.101132 0.567366 0.793881
2157 0.500761 0.682577 0.034527
2158 0.500761 0.633971 0.018283
2159 0.977409 0.567366 0.367551
2160 0.500761 0.799478 0.90039
2161 0.500761 0.76718 0.922628
2162 0.966995 0.619888 0.367551
2163 0.300946 0.0463046 0.567366
2164 0.966995 0.567366 0.334538
2165 0.208196 0.90039 0.567366
2166 0.917225 0.567366 0.76718
2167 0.234342 0.918195 0.567366
2168 0.500761 0.567366 0.99544
2169 0.90039 0.567366 0.791804
2170 0.334538 0.966995 0.567366
2171 0.872817 0.300946 0.76718
2172 0.833785 0.240766 0.76718
2173 0.367551 0.977409 0.567366
2174 0.367551 0.966995 0.619888
2175 0.833785 0.300946 0.814587
2176 0.791804 0.90039 0.567366
2177 0.76718 0.917225 0.567366
2178 0.700575 0.0469753 0.567366
2179 0.665462 0.966995 0.567366
2180 0.633971 0.976984 0.567366
2181 0.633971 0.966995 0.618185
2182 0.361748 0.234342 0.90039
2183 0.300946 0.0608702 0.367551
2184 0.0368486 0.633971 0.367551
2185 0.434156 0.567366 0.00895374
2186 0.367551 0.231401 0.90039
2187 0.367551 0.234342 0.902347
2188 0.0773723 0.76718 0.500761
2189 0.101132 0.801502 0.500761
2190 0.638252 0.234342 0.90039
2191 0.567366 0.567366 0.00916019
2192 0.633971 0.232157 0.90039
2193 0.231401 0.90039 0.367551
2194 0.633971 0.234342 0.901843
2195 0.234342 0.902347 0.367551
2196 0.234342 0.90039 0.361748
2197 0.333926 0.434156 0.966995
2198 0.367551 0.380112 0.966995
2199 0.367551 0.434156 0.977621
2200 0.0460813 0.300946 0.434156
2201 0.768599 0.90039 0.367551
2202 0.76718 0.901721 0.367551
2203 0.76718 0.90039 0.364713
2204 0.666074 0.434156 0.966995
2205 0.633971 0.381815 0.966995
2206 0.700575 0.0615632 0.367551
2207 0.434156 0.00874737 0.434156
2208 0.633971 0.434156 0.977196
2209 0.963151 0.633971 0.367551
2210 0.0225912 0.367551 0.567366
2211 0.034527 0.330304 0.567366
2212 0.922628 0.76718 0.500761
2213 0.90039 0.799478 0.500761
2214 0.034527 0.367551 0.625667
2215 0.567366 0.00895374 0.434156
2216 0.36029 0.101132 0.76718
2217 0.367551 0.0986622 0.76718
2218 0.367551 0.101132 0.770853
2219 0.133872 0.833785 0.567366
2220 0.953919 0.300946 0.434156
2221 0.63971 0.101132 0.76718
2222 0.633971 0.0991676 0.76718
2223 0.167737 0.867509 0.567366
2224 0.633971 0.101132 0.770104
2225 0.205774 0.434156 0.101132
2226 0.367551 0.300946 0.0608702
2227 0.234342 0.434156 0.0815623
2228 0.794226 0.434156 0.101132
2229 0.500761 1.15785e-06 0.500761
2230 0.633971 0.300946 0.0613321
2231 0.76718 0.434156 0.0825323
2232 0.152085 0.833785 0.367551
2233 0.167737 0.849369 0.367551
2234 0.167737 0.833785 0.332105
2235 0.364713 0.76718 0.90039
2236 0.367551 0.768599 0.90039
2237 0.367551 0.76718 0.901721
2238 0.0419946 0.500761 0.700575
2239 0.132215 0.167737 0.434156
2240 0.635301 0.76718 0.90039
2241 0.167737 0.132215 0.434156
2242 0.633971 0.768511 0.90039
2243 0.866128 0.833785 0.567366
2244 0.633971 0.76718 0.901721
2245 0.367551 0.963589 0.367551
2246 0.833785 0.866128 0.567366
2247 0.977409 0.367551 0.567366
2248 0.966995 0.334538 0.567366
2249 0.334538 0.567366 0.966995
2250 0.966995 0.367551 0.619888
2251 0.367551 0.619888 0.966995
2252 0.367551 0.567366 0.977409
2253 0.633971 0.963151 0.367551
2254 0.665462 0.567366 0.966995
2255 0.633971 0.618185 0.966995
2256 0.633971 0.567366 0.976984
2257 0.0986622 0.367551 0.76718
2258 0.958005 0.500761 0.700575
2259 0.023016 0.633971 0.567366
2260 0.101132 0.36029 0.76718
2261 0.101132 0.367551 0.770853
2262 0.034527 0.669696 0.567366
2263 0.034527 0.633971 0.624043
2264 0.239207 0.234342 0.833785
2265 0.300946 0.185413 0.833785
2266 0.847915 0.833785 0.367551
2267 0.833785 0.847915 0.367551
2268 0.833785 0.833785 0.335151
2269 0.300946 0.234342 0.873903
2270 0.867785 0.167737 0.434156
2271 0.833785 0.133596 0.434156
2272 0.901721 0.367551 0.76718
2273 0.500761 0.321351 0.966995
2274 0.90039 0.364713 0.76718
2275 0.500761 0.367551 0.982138
2276 0.206119 0.567366 0.101132
2277 0.90039 0.367551 0.768599
2278 0.234342 0.567366 0.0818046
2279 0.760793 0.234342 0.833785
2280 0.700575 0.186381 0.833785
2281 0.434156 0.991046 0.567366
2282 0.700575 0.234342 0.873089
2283 0.793881 0.567366 0.101132
2284 0.374333 0.367551 0.034527
2285 0.76718 0.567366 0.0827751
2286 0.434156 0.329708 0.034527
2287 0.434156 0.367551 0.0223789
2288 0.567366 0.99084 0.567366
2289 0.434156 0.207849 0.90039
2290 0.434156 0.234342 0.918438
2291 0.625667 0.367551 0.034527
2292 0.567366 0.330304 0.034527
2293 0.567366 0.367551 0.0225912
2294 0.567366 0.208196 0.90039
2295 0.500761 0.922628 0.76718
2296 0.567366 0.234342 0.918195
2297 0.500761 0.90039 0.799478
2298 0.976984 0.633971 0.567366
2299 0.380112 0.966995 0.367551
2300 0.966995 0.665462 0.567366
2301 0.434156 0.977621 0.367551
2302 0.434156 0.434156 0.991253
2303 0.966995 0.633971 0.618185
2304 0.434156 0.966995 0.333926
2305 0.317423 0.034527 0.500761
2306 0.367551 0.0178623 0.500761
2307 0.619888 0.966995 0.367551
2308 0.567366 0.977409 0.367551
2309 0.205774 0.101132 0.434156
2310 0.128 0.700575 0.76718
2311 0.567366 0.434156 0.991046
2312 0.500761 0.127727 0.833785
2313 0.567366 0.966995 0.334538
2314 0.234342 0.0815623 0.434156
2315 0.167737 0.761182 0.76718
2316 0.500761 0.167737 0.873632
2317 0.500761 0.700575 0.0419946
2318 0.167737 0.700575 0.815231
2319 0.0991676 0.633971 0.76718
2320 0.682577 0.034527 0.500761
2321 0.633971 0.018283 0.500761
2322 0.101132 0.63971 0.76718
2323 0.794226 0.101132 0.434156
2324 0.101132 0.633971 0.770104
2325 0.76718 0.0825323 0.434156
2326 0.434156 0.0825323 0.76718
2327 0.240766 0.76718 0.833785
2328 0.434156 0.101132 0.794226
2329 0.300946 0.814587 0.833785
2330 0.300946 0.76718 0.872817
2331 0.126097 0.234342 0.300946
2332 0.167737 0.183806 0.300946
2333 0.567366 0.0827751 0.76718
2334 0.273545 0.300946 0.101132
2335 0.167737 0.234342 0.237271
2336 0.567366 0.101132 0.793881
2337 0.300946 0.273545 0.101132
2338 0.300946 0.300946 0.0867745
2339 0.300946 0.953695 0.567366
2340 0.901721 0.633971 0.76718
2341 0.500761 0.678649 0.966995
2342 0.434156 0.300946 0.0460813
2343 0.90039 0.635301 0.76718
2344 0.500761 0.633971 0.981717
2345 0.90039 0.633971 0.768511
2346 0.759234 0.76718 0.833785
2347 0.567366 0.300946 0.0463046
2348 0.700575 0.813619 0.833785
2349 0.700575 0.76718 0.872
2350 0.872 0.700575 0.76718
2351 0.833785 0.759234 0.76718
2352 0.375957 0.633971 0.034527
2353 0.833785 0.700575 0.813619
2354 0.726455 0.300946 0.101132
2355 0.700575 0.274892 0.101132
2356 0.434156 0.670292 0.034527
2357 0.434156 0.633971 0.0228035
2358 0.700575 0.300946 0.087511
2359 0.700575 0.953025 0.567366
2360 0.434156 0.792151 0.90039
2361 0.00874737 0.434156 0.434156
2362 0.434156 0.76718 0.917468
2363 0.300946 0.93913 0.367551
2364 0.624043 0.633971 0.034527
2365 0.567366 0.669696 0.034527
2366 0.567366 0.633971 0.023016
2367 0.567366 0.791804 0.90039
2368 0.873903 0.234342 0.300946
2369 0.833785 0.185413 0.300946
2370 0.567366 0.76718 0.917225
2371 0.833785 0.234342 0.239207
2372 0.018283 0.500761 0.633971
2373 0.434156 0.567366 0.991046
2374 0.034527 0.500761 0.682577
2375 0.0467516 0.700575 0.434156
2376 0.567366 0.567366 0.99084
2377 0.700575 0.938437 0.367551
2378 0.240766 0.833785 0.76718
2379 0.300946 0.872817 0.76718
2380 0.300946 0.833785 0.814587
2381 0.364713 0.90039 0.76718
2382 0.367551 0.901721 0.76718
2383 0.367551 0.90039 0.768599
2384 0.127183 0.76718 0.300946
2385 0.167737 0.816194 0.300946
2386 0.953248 0.700575 0.434156
2387 0.167737 0.76718 0.238818
2388 0.635301 0.90039 0.76718
2389 0.300946 0.434156 0.0460813
2390 0.633971 0.901721 0.76718
2391 0.633971 0.90039 0.768511
2392 0.229147 0.367551 0.101132
2393 0.234342 0.357418 0.101132
2394 0.332105 0.167737 0.833785
2395 0.234342 0.367551 0.0976533
2396 0.500761 0.300946 0.958669
2397 0.367551 0.152085 0.833785
2398 0.185413 0.300946 0.833785
2399 0.234342 0.239207 0.833785
2400 0.759234 0.833785 0.76718
2401 0.367551 0.167737 0.849369
2402 0.367551 0.700575 0.0615632
2403 0.991253 0.434156 0.434156
2404 0.700575 0.872 0.76718
2405 0.234342 0.300946 0.873903
2406 0.770853 0.367551 0.101132
2407 0.700575 0.833785 0.813619
2408 0.76718 0.36029 0.101132
2409 0.76718 0.367551 0.0986622
2410 0.667895 0.167737 0.833785
2411 0.633971 0.152668 0.833785
2412 0.814587 0.300946 0.833785
2413 0.76718 0.240766 0.833785
2414 0.633971 0.167737 0.848788
2415 0.633971 0.700575 0.0620258
2416 0.76718 0.300946 0.872817
2417 0.183806 0.167737 0.300946
2418 0.981717 0.500761 0.633971
2419 0.234342 0.126097 0.300946
2420 0.237271 0.167737 0.234342
2421 0.700575 0.434156 0.0467516
2422 0.234342 0.167737 0.237271
2423 0.300946 0.126097 0.234342
2424 0.966995 0.500761 0.678649
2425 0.500761 0.995645 0.434156
2426 0.0815623 0.434156 0.234342
2427 0.300946 0.167737 0.183806
2428 0.00895374 0.567366 0.434156
2429 0.101132 0.434156 0.205774
2430 0.816194 0.167737 0.300946
2431 0.76718 0.127183 0.300946
2432 0.76718 0.167737 0.238818
2433 0.126368 0.500761 0.167737
2434 0.872817 0.76718 0.300946
2435 0.167737 0.500761 0.126368
2436 0.833785 0.814587 0.300946
2437 0.833785 0.76718 0.240766
2438 0.0413312 0.300946 0.500761
2439 0.434156 0.00435497 0.500761
2440 0.762729 0.167737 0.234342
2441 0.700575 0.126911 0.234342
2442 0.700575 0.167737 0.184769
2443 0.918438 0.434156 0.234342
2444 0.90039 0.434156 0.207849
2445 0.567366 0.00455951 0.500761
2446 0.958669 0.300946 0.500761
2447 0.500761 0.0764141 0.234342
2448 0.300946 0.567366 0.0463046
2449 0.873632 0.500761 0.167737
2450 0.500761 0.101132 0.198498
2451 0.833785 0.500761 0.127727
2452 0.229896 0.633971 0.101132
2453 0.367551 0.367551 0.0364111
2454 0.234342 0.642582 0.101132
2455 0.234342 0.633971 0.0981574
2456 0.991046 0.567366 0.434156
2457 0.770104 0.633971 0.101132
2458 0.633971 0.367551 0.0368486
2459 0.76718 0.63971 0.101132
2460 0.76718 0.633971 0.0991676
2461 0.126097 0.300946 0.234342
2462 0.167737 0.237271 0.234342
2463 0.167737 0.300946 0.183806
2464 0.700575 0.567366 0.0469753
2465 0.0818046 0.567366 0.234342
2466 0.126368 0.167737 0.500761
2467 0.101132 0.567366 0.206119
2468 0.167737 0.126368 0.500761
2469 0.380112 0.367551 0.966995
2470 0.434156 0.333926 0.966995
2471 0.207849 0.434156 0.90039
2472 0.434156 0.367551 0.977621
2473 0.367551 0.300946 0.93913
2474 0.234342 0.434156 0.918438
2475 0.300946 0.0460813 0.434156
2476 0.619888 0.367551 0.966995
2477 0.567366 0.334538 0.966995
2478 0.792151 0.434156 0.90039
2479 0.567366 0.367551 0.977409
2480 0.633971 0.300946 0.938668
2481 0.76718 0.434156 0.917468
2482 0.207849 0.90039 0.434156
2483 0.918195 0.567366 0.234342
2484 0.234342 0.918438 0.434156
2485 0.90039 0.567366 0.208196
2486 0.333926 0.966995 0.434156
2487 0.873903 0.300946 0.234342
2488 0.367551 0.977621 0.434156
2489 0.833785 0.239207 0.234342
2490 0.367551 0.966995 0.380112
2491 0.0981574 0.234342 0.633971
2492 0.833785 0.300946 0.185413
2493 0.792151 0.90039 0.434156
2494 0.101132 0.229896 0.633971
2495 0.76718 0.917468 0.434156
2496 0.101132 0.234342 0.642582
2497 0.434156 0.917468 0.76718
2498 0.666074 0.966995 0.434156
2499 0.700575 0.0467516 0.434156
2500 0.434156 0.90039 0.792151
2501 0.633971 0.977196 0.434156
2502 0.633971 0.966995 0.381815
2503 0.873632 0.167737 0.500761
2504 0.833785 0.127727 0.500761
2505 0.274892 0.700575 0.101132
2506 0.567366 0.917225 0.76718
2507 0.567366 0.90039 0.791804
2508 0.300946 0.726455 0.101132
2509 0.300946 0.700575 0.087511
2510 0.434156 0.133596 0.833785
2511 0.367551 0.633971 0.0368486
2512 0.434156 0.167737 0.867785
2513 0.434156 0.700575 0.0467516
2514 0.901843 0.234342 0.633971
2515 0.90039 0.232157 0.633971
2516 0.0867745 0.300946 0.300946
2517 0.90039 0.234342 0.638252
2518 0.101132 0.273545 0.300946
2519 0.567366 0.133872 0.833785
2520 0.633971 0.633971 0.0372865
2521 0.101132 0.300946 0.273545
2522 0.567366 0.167737 0.867509
2523 0.567366 0.700575 0.0469753
2524 0.725108 0.700575 0.101132
2525 0.0223789 0.367551 0.434156
2526 0.700575 0.725108 0.101132
2527 0.034527 0.329708 0.434156
2528 0.700575 0.700575 0.0882488
2529 0.034527 0.367551 0.374333
2530 0.357418 0.101132 0.234342
2531 0.367551 0.0976533 0.234342
2532 0.367551 0.101132 0.229147
2533 0.381815 0.633971 0.966995
2534 0.208196 0.567366 0.90039
2535 0.434156 0.666074 0.966995
2536 0.133596 0.833785 0.434156
2537 0.913225 0.300946 0.300946
2538 0.434156 0.633971 0.977196
2539 0.90039 0.276247 0.300946
2540 0.642582 0.101132 0.234342
2541 0.633971 0.0981574 0.234342
2542 0.167737 0.867785 0.434156
2543 0.90039 0.300946 0.276247
2544 0.234342 0.567366 0.918195
2545 0.633971 0.101132 0.229896
2546 0.618185 0.633971 0.966995
2547 0.198498 0.101132 0.500761
2548 0.567366 0.665462 0.966995
2549 0.791804 0.567366 0.90039
2550 0.234342 0.0764141 0.500761
2551 0.567366 0.633971 0.976984
2552 0.76718 0.567366 0.917225
2553 0.801502 0.101132 0.500761
2554 0.76718 0.0773723 0.500761
2555 0.0991676 0.76718 0.633971
2556 0.101132 0.770104 0.633971
2557 0.101132 0.76718 0.63971
2558 0.500761 0.500761 1.15785e-06
2559 0.300946 0.367551 0.0608702
2560 0.866404 0.833785 0.434156
2561 0.833785 0.866404 0.434156
2562 0.977621 0.367551 0.434156
2563 0.966995 0.333926 0.434156
2564 0.500761 0.700575 0.958005
2565 0.966995 0.367551 0.380112
2566 0.186381 0.700575 0.833785
2567 0.901721 0.76718 0.633971
2568 0.234342 0.760793 0.833785
2569 0.90039 0.768511 0.633971
2570 0.0460813 0.434156 0.300946
2571 0.234342 0.700575 0.873089
2572 0.90039 0.76718 0.635301
2573 0.813619 0.700575 0.833785
2574 0.700575 0.367551 0.0615632
2575 0.76718 0.759234 0.833785
2576 0.76718 0.700575 0.872
2577 0.00435497 0.434156 0.500761
2578 0.0976533 0.367551 0.234342
2579 0.126911 0.234342 0.700575
2580 0.0228035 0.633971 0.434156
2581 0.101132 0.357418 0.234342
2582 0.167737 0.184769 0.700575
2583 0.276247 0.300946 0.90039
2584 0.101132 0.367551 0.229147
2585 0.034527 0.670292 0.434156
2586 0.167737 0.234342 0.762729
2587 0.300946 0.276247 0.90039
2588 0.034527 0.633971 0.375957
2589 0.300946 0.300946 0.913225
2590 0.434156 0.300946 0.953919
2591 0.953919 0.434156 0.300946
2592 0.0419946 0.700575 0.500761
2593 0.567366 0.300946 0.953695
2594 0.500761 0.018283 0.633971
2595 0.902347 0.367551 0.234342
2596 0.500761 0.034527 0.682577
2597 0.90039 0.361748 0.234342
2598 0.90039 0.367551 0.231401
2599 0.723753 0.300946 0.90039
2600 0.700575 0.27761 0.90039
2601 0.700575 0.300946 0.912489
2602 0.500761 0.872273 0.833785
2603 0.500761 0.833785 0.872273
2604 0.434156 0.991253 0.434156
2605 0.500761 0.0413312 0.300946
2606 0.133596 0.434156 0.833785
2607 0.873089 0.234342 0.700575
2608 0.567366 0.991046 0.434156
2609 0.833785 0.186381 0.700575
2610 0.833785 0.234342 0.760793
2611 0.958005 0.700575 0.500761
2612 0.167737 0.434156 0.867785
2613 0.300946 0.633971 0.0613321
2614 0.500761 0.923586 0.234342
2615 0.500761 0.90039 0.200522
2616 0.995645 0.434156 0.500761
2617 0.977196 0.633971 0.434156
2618 0.966995 0.666074 0.434156
2619 0.966995 0.633971 0.381815
2620 0.0463046 0.567366 0.300946
2621 0.126911 0.700575 0.234342
2622 0.317423 0.500761 0.034527
2623 0.167737 0.762729 0.234342
2624 0.700575 0.633971 0.0620258
2625 0.167737 0.700575 0.184769
2626 0.500761 0.999999 0.500761
2627 0.128 0.76718 0.700575
2628 0.00455951 0.567366 0.500761
2629 0.367551 0.500761 0.0178623
2630 0.0981574 0.633971 0.234342
2631 0.167737 0.815231 0.700575
2632 0.101132 0.642582 0.234342
2633 0.101132 0.633971 0.229896
2634 0.167737 0.76718 0.761182
2635 0.682577 0.500761 0.034527
2636 0.300946 0.434156 0.953919
2637 0.434156 0.0815623 0.234342
2638 0.866404 0.434156 0.833785
2639 0.434156 0.101132 0.205774
2640 0.633971 0.500761 0.018283
2641 0.231401 0.367551 0.90039
2642 0.234342 0.361748 0.90039
2643 0.833785 0.434156 0.866404
2644 0.234342 0.367551 0.902347
2645 0.567366 0.0818046 0.234342
2646 0.953695 0.567366 0.300946
2647 0.567366 0.101132 0.206119
2648 0.367551 0.700575 0.938437
2649 0.768599 0.367551 0.90039
2650 0.76718 0.364713 0.90039
2651 0.300946 0.953919 0.434156
2652 0.76718 0.367551 0.901721
2653 0.237271 0.234342 0.167737
2654 0.300946 0.183806 0.167737
2655 0.300946 0.234342 0.126097
2656 0.633971 0.700575 0.937974
2657 0.901843 0.633971 0.234342
2658 0.184769 0.167737 0.700575
2659 0.90039 0.638252 0.234342
2660 0.90039 0.633971 0.232157
2661 0.234342 0.126911 0.700575
2662 0.234342 0.167737 0.762729
2663 0.700575 0.434156 0.953248
2664 0.00455951 0.500761 0.567366
2665 0.815231 0.167737 0.700575
2666 0.76718 0.128 0.700575
2667 0.873089 0.700575 0.234342
2668 0.833785 0.760793 0.234342
2669 0.76718 0.167737 0.761182
2670 0.833785 0.700575 0.186381
2671 0.872 0.76718 0.700575
2672 0.133872 0.567366 0.833785
2673 0.833785 0.813619 0.700575
2674 0.700575 0.953248 0.434156
2675 0.833785 0.76718 0.759234
2676 0.167737 0.567366 0.867509
2677 0.762729 0.234342 0.167737
2678 0.700575 0.184769 0.167737
2679 0.700575 0.234342 0.126911
2680 0.99544 0.567366 0.500761
2681 0.0178623 0.500761 0.367551
2682 0.335151 0.833785 0.833785
2683 0.034527 0.500761 0.317423
2684 0.367551 0.847915 0.833785
2685 0.367551 0.833785 0.847915
2686 0.087511 0.700575 0.300946
2687 0.101132 0.726455 0.300946
2688 0.101132 0.700575 0.274892
2689 0.367551 0.0608702 0.300946
2690 0.664849 0.833785 0.833785
2691 0.633971 0.847332 0.833785
2692 0.633971 0.833785 0.847332
2693 0.185413 0.833785 0.300946
2694 0.239207 0.833785 0.234342
2695 0.633971 0.0613321 0.300946
2696 0.234342 0.873903 0.300946
2697 0.234342 0.833785 0.239207
2698 0.300946 0.873903 0.234342
2699 0.300946 0.833785 0.185413
2700 0.300946 0.567366 0.953695
2701 0.361748 0.90039 0.234342
2702 0.866128 0.567366 0.833785
2703 0.232157 0.633971 0.90039
2704 0.500761 0.126368 0.167737
2705 0.814587 0.833785 0.300946
2706 0.367551 0.902347 0.234342
2707 0.500761 0.167737 0.126368
2708 0.367551 0.90039 0.231401
2709 0.833785 0.567366 0.866128
2710 0.234342 0.638252 0.90039
2711 0.76718 0.872817 0.300946
2712 0.367551 0.367551 0.963589
2713 0.300946 0.0413312 0.500761
2714 0.76718 0.833785 0.240766
2715 0.234342 0.633971 0.901843
2716 0.99544 0.500761 0.567366
2717 0.912489 0.700575 0.300946
2718 0.638252 0.90039 0.234342
2719 0.768511 0.633971 0.90039
2720 0.90039 0.723753 0.300946
2721 0.633971 0.901843 0.234342
2722 0.90039 0.700575 0.27761
2723 0.633971 0.90039 0.232157
2724 0.76718 0.635301 0.90039
2725 0.633971 0.367551 0.963151
2726 0.76718 0.633971 0.901721
2727 0.238818 0.76718 0.167737
2728 0.200522 0.90039 0.500761
2729 0.300946 0.816194 0.167737
2730 0.300946 0.76718 0.127183
2731 0.234342 0.923586 0.500761
2732 0.321351 0.966995 0.500761
2733 0.760793 0.833785 0.234342
2734 0.700575 0.873089 0.234342
2735 0.367551 0.982138 0.500761
2736 0.0773723 0.500761 0.76718
2737 0.700575 0.833785 0.186381
2738 0.700575 0.567366 0.953025
2739 0.799478 0.90039 0.500761
2740 0.76718 0.922628 0.500761
2741 0.101132 0.500761 0.801502
2742 0.678649 0.966995 0.500761
2743 0.700575 0.0419946 0.500761
2744 0.633971 0.981717 0.500761
2745 0.982138 0.500761 0.367551
2746 0.966995 0.500761 0.321351
2747 0.761182 0.76718 0.167737
2748 0.700575 0.815231 0.167737
2749 0.700575 0.76718 0.128
2750 0.922628 0.500761 0.76718
2751 0.500761 0.500761 0.999999
2752 0.90039 0.500761 0.799478
2753 0.0608702 0.367551 0.300946
2754 0.0178623 0.367551 0.500761
2755 0.034527 0.317423 0.500761
2756 0.434156 0.500761 0.00435497
2757 0.27761 0.700575 0.90039
2758 0.300946 0.723753 0.90039
2759 0.567366 0.500761 0.00455951
2760 0.300946 0.700575 0.912489
2761 0.127727 0.833785 0.500761
2762 0.93913 0.367551 0.300946
2763 0.167737 0.873632 0.500761
2764 0.367551 0.633971 0.963151
2765 0.434156 0.700575 0.953248
2766 0.087511 0.300946 0.700575
2767 0.101132 0.274892 0.700575
2768 0.633971 0.633971 0.962714
2769 0.101132 0.300946 0.726455
2770 0.567366 0.700575 0.953025
2771 0.72239 0.700575 0.90039
2772 0.700575 0.72239 0.90039
2773 0.700575 0.700575 0.911751
2774 0.152085 0.367551 0.833785
2775 0.167737 0.332105 0.833785
2776 0.329114 0.167737 0.167737
2777 0.167737 0.367551 0.849369
2778 0.500761 0.958669 0.300946
2779 0.367551 0.150631 0.167737
2780 0.183806 0.300946 0.167737
2781 0.234342 0.237271 0.167737
2782 0.367551 0.167737 0.150631
2783 0.912489 0.300946 0.700575
2784 0.90039 0.27761 0.700575
2785 0.234342 0.300946 0.126097
2786 0.0613321 0.300946 0.633971
2787 0.90039 0.300946 0.723753
2788 0.670886 0.167737 0.167737
2789 0.633971 0.151212 0.167737
2790 0.816194 0.300946 0.167737
2791 0.375957 0.034527 0.633971
2792 0.76718 0.238818 0.167737
2793 0.872273 0.833785 0.500761
2794 0.633971 0.167737 0.151212
2795 0.0818046 0.234342 0.567366
2796 0.434156 0.0228035 0.633971
2797 0.833785 0.872273 0.500761
2798 0.76718 0.300946 0.127183
2799 0.101132 0.206119 0.567366
2800 0.982138 0.367551 0.500761
2801 0.966995 0.321351 0.500761
2802 0.434156 0.034527 0.670292
2803 0.273545 0.101132 0.300946
2804 0.300946 0.0867745 0.300946
2805 0.624043 0.034527 0.633971
2806 0.567366 0.023016 0.633971
2807 0.300946 0.101132 0.273545
2808 0.0613321 0.633971 0.300946
2809 0.434156 0.866404 0.833785
2810 0.434156 0.833785 0.866404
2811 0.567366 0.034527 0.669696
2812 0.434156 0.0460813 0.300946
2813 0.567366 0.866128 0.833785
2814 0.018283 0.633971 0.500761
2815 0.938668 0.300946 0.633971
2816 0.567366 0.833785 0.866128
2817 0.034527 0.682577 0.500761
2818 0.567366 0.0463046 0.300946
2819 0.300946 0.367551 0.93913
2820 0.918195 0.234342 0.567366
2821 0.90039 0.208196 0.567366
2822 0.847915 0.367551 0.833785
2823 0.833785 0.335151 0.833785
2824 0.0976533 0.234342 0.367551
2825 0.101132 0.229147 0.367551
2826 0.833785 0.367551 0.847915
2827 0.101132 0.234342 0.357418
2828 0.434156 0.918438 0.234342
2829 0.726455 0.101132 0.300946
2830 0.434156 0.90039 0.207849
2831 0.700575 0.087511 0.300946
2832 0.700575 0.101132 0.274892
2833 0.321351 0.500761 0.966995
2834 0.938668 0.633971 0.300946
2835 0.367551 0.500761 0.982138
2836 0.567366 0.918195 0.234342
2837 0.567366 0.90039 0.208196
2838 0.0467516 0.434156 0.700575
2839 0.678649 0.500761 0.966995
2840 0.633971 0.500761 0.981717
2841 0.700575 0.367551 0.938437
2842 0.434156 0.995645 0.500761
2843 0.902347 0.234342 0.367551
2844 0.90039 0.231401 0.367551
2845 0.90039 0.234342 0.361748
2846 0.151212 0.167737 0.633971
2847 0.567366 0.99544 0.500761
2848 0.167737 0.151212 0.633971
2849 0.152668 0.633971 0.833785
2850 0.167737 0.167737 0.670886
2851 0.167737 0.667895 0.833785
2852 0.167737 0.633971 0.848788
2853 0.793822 0.467458 0.141095
2854 0.340909 0.927032 0.467458
2855 0.201039 0.201039 0.334249
2856 0.660612 0.927032 0.467458
2857 0.800483 0.201039 0.334249
2858 0.400854 0.860427 0.2077
2859 0.467458 0.860427 0.2077
2860 0.534063 0.860427 0.2077
2861 0.600668 0.860427 0.2077
2862 0.0678294 0.600668 0.400854
2863 0.933692 0.600668 0.400854
2864 0.2077 0.400854 0.860427
2865 0.2077 0.534063 0.141095
2866 0.793822 0.534063 0.141095
2867 0.134434 0.267644 0.334249
2868 0.867087 0.267644 0.334249
2869 0.134434 0.733878 0.667273
2870 0.867087 0.733878 0.667273
2871 0.2077 0.467458 0.860427
2872 0.2077 0.600668 0.141095
2873 0.793822 0.467458 0.8